693 591
53 838
81 547
434 926
291 770
795 244
110 604
609 713
745 878
30 1017
176 545
339 339
788 802
896 609
200 186
535 335
782 517
660 1022
347 590
221 519
309 846
533 394
20 303
569 569
84 668
12 108
31 955
861 861
401 861
321 85
288 288
52 881
35 706
147 357
536 391
395 862
486 486
142 380
50 896
775 276
534 433
927 680
19 749
760 63
388 388
548 444
557 2
696 841
142 146
557 468
284 284
717 749
788 990
706 706
815 811
573 653
720 642
631 103
587 587
587 110
960 730
343 419
388 811
381 381
313 526
56 192
471 185
834 636
537 537
641 571
356 29
567 856
110 602
252 716
236 859
165 962
650 427
497 164
562 153
655 193
187 1015
326 873
798 798
86 299
35 134
477 163
395 199
111 973
87 843
688 671
706 701
892 177
484 780
261 688
953 447
858 784
180 397
347 190
435 68
242 561
492 646
684 684
110 543
332 865
253 173
941 5
432 805
417 695
798 436
439 770
246 656
806 834
158 396
118 576
384 384
722 1013
714 484
420 420
964 812
473 677
157 157
440 440
30 543
90 544
244 22
450 973
706 378
825 447
67 799
309 360
862 862
432 486
92 999
791 870
520 635
59 573
349 295
316 864
159 293
983 274
94 116
750 560
907 907
738 430
212 159
970 603
910 723
473 473
30 767
929 536
349 964
398 463
638 198
177 412
972 85
98 296
811 204
792 912
353 171
783 783
266 861
25 946
509 509
397 502
315 740
119 115
828 704
990 160
543 543
753 766
135 425
223 815
200 726
832 933
156 1018
378 589
162 801
387 164
879 639
640 482
1007 421
301 517
889 226
159 321
750 750
774 774
560 765
1007 421
692 132
888 554
189 351
394 223
391 152
510 862
419 419
44 308
371 115
369 11
814 209
25 486
253 30
858 469
886 917
414 871
229 20
633 4
596 455
53 964
912 416
53 871
668 575
660 343
920 151
61 589
755 885
435 282
917 917
990 901
345 748
740 486
922 143
932 155
490 725
744 278
919 919
112 782
353 894
717 0
1021 376
391 750
702 557
702 542
905 2
934 914
699 37
926 290
556 481
665 684
743 903
275 399
5 971
992 934
395 190
471 600
204 811
29 945
614 385
123 547
164 486
715 390
216 216
383 743
240 62
810 239
571 363
789 227
578 2
698 369
401 948
626 883
123 494
571 1001
579 479
166 772
310 474
167 108
218 720
266 1002
933 133
507 139
212 841
686 34
184 530
214 346
39 115
961 227
219 565
67 19
701 301
107 58
590 489
1012 981
441 66
941 592
317 336
859 842
35 934
249 603
405 405
981 233
999 108
177 1022
105 821
414 871
486 726
990 674
790 651
589 266
432 496
9 9
973 93
650 650
791 870
300 484
442 293
865 349
282 118
701 420
991 495
885 628
841 841
519 300
110 290
82 795
386 445
66 82
543 543
882 515
127 867
203 375
657 675
577 159
361 542
380 313
710 486
419 414
237 294
567 567
255 567
476 160
419 419
123 914
763 648
675 777
894 604
915 915
745 745
701 110
419 225
796 873
710 82
224 669
1013 356
849 853
785 1017
201 25
133 133
481 360
828 638
738 430
728 374
727 937
430 457
813 456
21 881
740 303
486 484
269 732
798 779
391 333
877 363
660 263
856 426
586 66
492 839
40 40
796 849
896 114
160 204
797 655
908 33
892 510
749 938
602 571
609 740
643 740
581 972
205 302
37 941
1018 484
958 35
572 269
417 59
546 95
711 9
695 678
458 409
82 613
768 340
381 310
412 309
10 476
174 174
885 739
205 124
68 669
788 303
461 468
66 1002
874 688
618 59
322 856
164 66
332 0
830 557
282 282
59 899
802 802
914 30
616 767
389 904
978 1010
814 827
968 778
650 676
376 376
935 159
164 339
217 484
376 206
600 397
290 560
967 731
905 249
897 782
212 159
740 290
432 215
933 698
788 877
484 435
69 784
749 586
543 589
849 18
470 470
851 138
56 727
937 937
785 602
227 631
502 704
968 434
811 853
537 909
380 42
596 92
148 148
939 71
687 448
709 532
360 469
569 241
543 639
1002 1002
451 741
426 52
334 334
343 343
930 895
222 721
953 200
547 925
453 927
284 628
668 613
253 952
33 1023
125 34
677 290
840 169
255 795
87 87
166 908
56 56
25 580
1007 110
193 401
320 320
435 660
226 992
61 484
613 756
699 848
223 558
878 225
825 548
133 158
602 469
53 914
176 715
275 249
1012 225
782 495
523 634
625 413
135 553
4 840
608 684
401 320
405 459
767 20
22 92
648 285
515 615
644 838
984 1011
761 332
616 590
188 300
722 227
822 703
132 804
204 224
944 158
604 536
105 822
518 45
602 237
450 686
71 908
320 602
58 68
396 650
929 589
150 699
794 769
752 752
290 290
852 945
635 633
249 249
97 97
551 877
740 659
356 719
585 604
346 276
778 25
553 929
106 879
390 30
14 14
76 347
669 976
118 99
303 230
548 391
888 888
14 854
962 525
926 866
236 792
230 628
152 152
699 173
249 580
85 187
621 249
244 244
69 69
298 850
795 487
608 608
780 922
415 787
303 749
537 537
824 142
1002 414
243 112
970 261
722 439
468 226
53 552
572 613
286 920
872 30
825 706
949 649
769 349
107 152
333 333
345 425
605 273
139 169
703 774
526 469
408 396
320 215
646 438
676 192
187 878
795 965
1015 217
387 387
757 897
345 667
6 819
885 359
473 13
261 766
1005 1005
568 455
926 926
485 716
873 873
380 239
882 438
755 676
374 865
58 540
739 642
82 284
86 743
29 243
401 494
217 43
255 875
665 536
967 890
1 1
560 461
578 236
258 408
796 216
879 683
879 333
387 444
562 4
35 473
110 390
728 938
556 125
434 710
69 896
1012 589
665 893
251 919
758 689
536 710
871 827
447 855
353 260
60 60
623 711
585 7
871 70
51 51
1003 680
606 980
532 290
110 628
491 544
569 273
630 776
708 949
852 852
710 164
858 863
907 443
659 784
35 164
489 824
482 162
765 156
792 792
1002 1002
396 789
40 742
926 923
889 416
1008 1008
618 620
482 950
889 630
61 696
902 205
829 832
55 427
926 139
418 418
682 621
893 514
628 831
740 69
370 929
717 203
295 469
830 539
121 318
131 396
569 962
887 133
89 409
873 850
928 251
493 257
361 619
740 110
223 416
479 429
486 290
131 720
754 440
361 30
782 208
628 374
196 11
346 276
475 776
363 164
831 417
364 884
808 192
657 682
809 752
883 626
897 112
1022 929
674 38
511 291
239 615
989 760
449 449
54 954
35 153
917 891
858 992
246 246
441 265
417 931
746 663
130 181
507 507
937 850
897 934
845 7
948 948
352 551
28 479
438 596
180 870
197 349
226 11
20 775
613 82
763 885
215 215
531 390
586 2
1009 334
856 252
280 896
740 968
763 445
866 1010
984 66
507 871
615 917
964 964
820 550
949 317
496 619
85 789
899 426
514 50
706 706
80 405
153 131
188 383
651 817
142 11
794 843
651 215
655 520
635 139
9 808
716 716
945 581
260 886
33 672
246 739
795 795
290 443
285 4
240 385
1016 810
487 487
560 896
615 470
37 270
405 405
441 277
976 976
110 639
240 716
223 390
148 238
13 756
29 672
983 517
543 85
13 69
774 777
812 419
503 953
456 838
20 70
643 230
941 879
294 70
749 908
628 829
75 453
970 292
1016 4
996 184
706 51
14 489
352 773
761 938
944 741
260 767
70 70
871 103
329 837
227 168
164 164
317 602
92 25
78 78
942 1003
385 88
731 731
100 674
488 367
628 133
717 897
343 35
33 781
788 602
266 217
778 496
354 719
938 1008
367 510
35 882
841 156
436 0
265 533
991 991
541 626
793 223
890 677
852 161
897 187
640 756
788 303
756 58
886 886
270 506
926 795
164 917
361 926
661 661
919 919
237 473
785 559
161 809
359 122
926 288
684 971
745 533
1003 19
653 406
397 689
877 1022
217 278
849 435
382 768
621 303
382 214
882 398
965 926
449 449
747 80
556 709
1016 991
604 944
70 595
672 585
639 536
27 276
946 419
910 910
908 166
75 133
732 732
968 623
926 965
320 168
981 270
676 912
905 704
310 419
603 305
110 171
493 57
122 62
914 812
35 756
995 1022
165 382
598 662
59 602
265 444
934 608
917 915
996 11
722 689
31 31
73 43
933 13
889 504
992 416
909 814
854 221
573 863
782 964
802 756
8 693
964 964
788 933
964 608
279 72
309 890
390 441
689 27
164 873
812 946
980 986
926 164
914 716
404 283
393 242
430 434
631 946
13 290
25 461
317 156
980 553
542 638
623 623
776 225
561 780
353 353
684 339
643 858
687 364
752 752
473 473
558 947
926 865
861 454
837 70
954 125
535 866
204 946
822 905
953 647
971 992
27 253
301 309
890 892
775 203
893 786
143 308
922 561
353 505
41 334
236 901
401 560
1013 29
53 275
750 804
495 897
602 473
319 573
580 684
571 933
322 349
330 827
271 850
585 543
195 892
917 828
210 210
68 646
303 285
