648 473
2941 1241
1445 2544
1758 2801
2447 3181
3897 2464
3639 3639
224 224
3108 2460
2822 3638
257 2386
3502 1980
1182 3449
2750 2922
2242 4080
1975 2276
3340 3624
1543 2807
170 170
790 2056
2490 45
2144 1300
648 3192
1455 3406
521 2827
3830 974
160 2157
3167 158
2749 1546
3542 3641
2638 689
566 566
1858 1858
2654 2498
3784 3714
3895 50
3270 740
1847 2212
1906 1591
1283 3889
2476 1421
2981 1534
403 2189
2685 3628
4010 2468
2557 841
3096 3531
1435 3822
4002 1249
2561 3847
4079 3215
1416 3641
236 1733
1267 3233
1334 1742
3730 884
1637 2923
2040 2040
924 924
3343 3774
435 2148
3593 717
506 2279
3918 2300
1075 1098
2923 1984
2371 4077
3251 415
595 1902
2476 50
3992 1263
977 3041
1658 3964
1151 3436
1301 1821
2902 2301
2544 1059
3995 4031
1425 3767
843 381
3380 370
528 3742
3553 3553
2775 2775
1275 509
3304 3304
3418 3975
241 2269
1482 3265
2630 3027
3965 2437
227 1222
1075 1252
270 2706
3620 3795
4050 58
57 2907
1462 1811
900 1561
1020 3966
2194 2781
3803 3826
1292 1703
1179 1179
3168 1359
1128 1923
1986 1248
87 2348
3821 3821
3343 2102
1671 2145
214 3961
529 3580
785 517
706 2281
2421 2421
2230 877
1035 2592
897 2616
2518 2341
2518 2421
3979 1430
1497 3191
2615 3956
1411 3152
1702 3305
3295 1220
3630 563
1295 3701
1685 2901
3900 2221
3664 2608
3353 2659
3411 1144
1161 70
2558 402
3140 1982
200 506
3465 540
2079 504
3365 3754
2485 3312
1445 1874
522 3726
2395 2395
853 2384
820 2096
1706 192
466 3052
1949 925
1083 1083
3331 3282
2716 2541
688 745
2535 2535
3 3198
4033 66
603 115
3053 706
310 1405
3212 707
2546 34
920 3262
3009 300
2982 2532
1144 823
3232 3930
480 1250
1468 1028
2941 2019
2990 4080
672 66
1388 3864
2406 1742
1635 2306
1434 10
3076 3623
2269 2823
3563 1757
3488 1826
2727 1832
344 1520
3642 888
1315 1426
2858 779
1144 3416
420 992
2128 3321
3645 2555
3958 819
2558 376
1438 3887
2409 3565
2953 2346
1686 458
2041 3408
3667 1449
1673 346
103 2252
1134 3862
2269 3203
699 846
3338 778
2900 1966
1998 1383
637 744
1373 2616
3219 3648
3725 311
590 590
2952 3792
3127 3127
794 290
4075 3860
1447 3895
1216 2189
1806 3078
1851 1537
1826 2660
460 577
2122 106
1773 421
2040 707
3247 729
308 3425
2990 812
2524 2462
3087 2423
1270 1270
237 2499
2464 1110
2503 2631
2030 2434
3825 3001
2853 2459
3958 305
254 3949
125 2981
908 3671
3053 3053
3272 3272
1029 843
604 2699
1687 1687
1927 2638
737 3156
3580 3943
164 1913
3937 3937
3159 2560
12 341
2156 3989
19 2117
259 2070
3248 2841
825 2605
49 534
3450 3574
867 3581
567 3729
890 890
1002 1176
2583 3443
627 1359
1194 1272
228 2964
823 3716
1361 3685
495 1454
562 562
1260 1602
1436 146
1711 3471
1228 3478
3656 1908
2829 3802
561 1364
3183 1457
3001 361
85 4062
2119 893
3758 3758
3969 3856
618 1290
243 2364
2673 177
3413 2927
2708 2303
3784 894
1818 3944
586 1163
2001 222
579 2255
2901 1093
3282 148
1858 1507
2520 3518
822 3768
2931 226
365 1545
2942 367
3232 3612
1229 2862
710 542
2253 952
1932 1217
1344 1050
2666 3792
919 2423
131 2667
1789 570
3894 2098
559 1574
2612 3477
3271 2726
1390 2829
1507 3740
2362 1686
3961 2693
2396 4013
1484 2244
2676 3343
1078 4090
782 2112
1255 2571
340 340
3171 1911
3790 1221
3548 3771
2113 251
2798 1332
3550 1774
2557 663
1830 1830
1628 2115
3664 596
2437 384
2429 3158
3428 3299
2585 255
2747 2747
2292 3681
425 3822
2501 2964
3925 517
134 134
728 1360
1107 2500
3654 1515
3015 3395
1930 1949
1816 3015
3066 2445
3842 340
734 2769
3533 616
3418 2456
613 1380
840 1442
1575 1240
897 3485
2796 2109
223 2219
3446 1779
3857 1714
3690 2150
114 3332
4033 1758
2296 3855
2046 1292
1769 70
643 3140
311 212
1754 1732
3879 2205
3742 689
1540 539
3325 420
1386 2148
1873 2507
2623 2623
913 738
1134 3862
930 2328
261 3593
2230 636
552 2386
2776 278
3196 2267
1757 2838
984 3268
2631 340
1076 3172
3768 2994
372 559
2236 2658
3643 3751
3950 3769
3754 2382
3024 255
2100 2252
1024 629
1485 453
3622 2027
3182 1990
839 2823
649 3965
2862 618
2757 3622
889 2411
510 1530
2415 2415
2101 2506
1061 539
448 2109
3383 3383
2726 3271
2301 734
3185 685
2557 4016
2531 809
2999 3273
1250 1250
3076 3285
2042 1001
1260 835
3053 1712
3953 1655
2320 364
298 941
2351 422
3053 1281
329 2812
1703 1157
3742 800
643 643
611 1211
1724 2717
1390 1390
3593 2990
1136 460
1578 420
3575 273
643 3827
2574 3580
543 200
1853 1049
1814 341
1699 1998
1405 1953
1684 1913
2783 397
1597 1702
3925 3977
1485 2021
827 2752
2964 316
3975 3975
1287 3815
2606 2576
2481 73
2288 71
2456 2114
1433 3652
3058 2841
1778 321
1910 3585
1562 3971
2484 2297
622 622
3501 3879
1530 2471
2831 634
2227 2927
405 2969
709 3548
178 1948
3641 261
2863 2219
3044 672
2990 1222
894 995
2296 2374
1611 1527
3698 1338
2815 3708
2311 3499
600 3847
2829 1154
261 2461
4086 2942
1876 2521
706 1743
2301 1601
1029 1519
1567 3623
1490 972
1801 2228
2060 2798
66 2695
2150 3574
1066 984
3411 405
2521 3654
1309 3553
3659 3860
656 2216
2625 1028
1010 3774
759 1002
134 1640
814 944
2561 1188
3442 3518
3993 1929
1485 2301
3025 574
2868 3355
3758 2297
2400 1145
817 70
2270 4064
2344 2420
2757 3383
1206 3600
862 60
1194 2894
1844 1823
1575 1194
213 2297
547 3879
3801 1874
1510 2543
300 183
3962 3887
2298 3731
2452 2452
1714 185
200 77
1303 1120
2249 2223
3301 3772
1564 3534
1314 3337
2069 1608
2562 2562
496 2468
2725 1327
495 3708
3559 2218
764 2658
997 2150
1913 2329
1666 146
2735 2735
441 736
2889 1255
3040 1260
4006 2688
627 2290
1129 3496
2558 908
3138 3068
2004 1419
293 1162
480 2165
793 1598
4001 1454
3724 389
4004 527
3865 1062
3531 1176
3343 971
706 2023
2064 1039
1898 890
3485 2638
671 2919
2767 860
949 3392
2281 2503
1549 602
1916 3232
1684 1684
3975 476
496 2844
1250 1250
3947 2008
3864 3103
2554 390
508 1035
2478 3605
2463 3564
282 2369
1636 3181
1380 122
1338 1023
2924 3819
1406 1406
1655 3837
352 2342
3375 16
1371 3729
2803 3883
2767 1566
2060 2630
2391 1420
1908 2956
2393 3223
3489 3012
3947 3847
3620 580
481 508
3887 2527
1186 3021
911 2372
603 3966
734 2217
1035 440
574 1561
661 661
2989 2369
2678 240
1705 2593
270 2242
3362 2069
158 2364
3235 4016
3053 3410
3571 2289
1417 2538
1094 4020
1857 2428
1567 1710
3194 1936
4080 3456
3314 647
49 871
370 2553
3624 1820
523 2980
3026 183
368 2685
2229 3948
882 2380
3986 1339
2851 1441
384 49
1435 1435
881 3961
1281 3785
874 3695
2663 2845
24 3304
615 2694
1565 497
3759 1779
3905 2292
2696 2999
552 3845
3111 367
2758 2758
2632 466
2976 2976
3746 1694
1563 2457
3167 3176
340 3577
3972 3972
3398 2027
2514 484
2023 1959
3650 3079
856 123
1207 2986
715 597
1485 1182
1927 3658
3725 3725
811 1356
3729 3719
82 3708
355 2753
1108 3443
2478 2385
462 3665
3627 3982
2543 3671
3375 3750
2254 2254
134 3611
740 1029
3719 3336
3004 3004
3018 1170
2282 2554
3053 353
2194 2048
1904 243
1823 1823
3742 2412
1162 2924
3132 1849
1244 146
645 4074
3304 600
2706 1019
3186 1831
2926 429
886 1262
1831 3567
2914 581
2255 1190
2826 2826
617 3078
1803 1657
2566 3606
2631 616
785 137
960 2212
580 3750
871 3418
2499 1384
3091 983
2566 1020
1222 3107
3001 507
3011 3337
2387 1145
2810 4072
3569 3251
3071 269
270 1269
495 2583
1475 1479
2110 2695
1485 1485
3203 616
2603 3237
2800 621
630 3726
1971 1971
3950 3598
3398 1066
82 2429
1736 3171
1197 2676
3969 1687
1420 1233
2886 4062
844 432
1344 567
1046 4017
92 3065
2447 3312
3913 2212
48 3849
1637 177
2457 3597
2676 3085
7 1457
3671 3671
1193 3167
3093 2559
3366 3277
2823 440
1251 1097
1359 3689
361 2940
2165 3832
1966 2369
2519 3489
2397 1410
3576 3618
3011 3671
3204 843
454 3583
1919 2579
2497 142
2001 3382
2982 273
3685 787
1976 1795
776 714
76 1374
1029 1667
2659 243
1352 1282
3994 3465
3415 3026
422 1375
4001 3860
440 440
3201 1290
747 1517
876 1511
3782 3529
848 1061
1617 3979
2899 1203
795 2006
1068 2134
1140 1140
3287 3287
3832 1275
56 309
1231 905
33 2992
3178 214
1066 3398
3934 507
1179 575
3442 1357
1774 1269
898 3038
1145 565
192 412
326 39
1222 3400
30 132
2502 2502
2522 4044
919 919
2870 2109
855 3374
2303 710
2543 385
1539 3214
1319 3240
1759 1625
2906 1574
2727 2749
1155 1177
567 1520
1177 1873
3647 488
843 1286
871 312
3781 703
924 924
1713 2289
672 3912
1778 1938
292 401
1328 1328
2044 4014
3225 2343
1873 3122
1057 2824
875 3078
1565 3749
3690 1051
3033 1483
1896 1951
1332 2091
3691 255
2242 529
244 2228
106 1388
3241 1515
3053 3754
888 1347
587 1600
3056 314
2824 3612
1198 1652
2000 3245
504 3004
1537 1537
4029 3219
2123 791
2796 652
3507 2175
1575 2123
707 1390
2214 714
454 2796
3125 3615
1523 3513
3658 707
1157 1497
625 1417
3186 2357
758 2456
3894 2739
153 2027
4013 2092
2489 2006
3711 2069
680 591
3937 267
1742 1641
3265 3099
2563 360
1503 1478
2767 1708
3467 2916
3101 3252
1882 463
276 276
2837 884
3691 3057
125 2286
3871 3871
1898 2122
946 1197
2502 691
2327 1859
3548 786
53 2802
1891 999
170 3490
1442 207
1506 1506
773 717
2308 220
2410 2313
365 145
3819 2535
1358 1358
1552 3268
1782 1782
365 3140
1870 2179
2251 2251
2959 822
2818 2795
1724 1078
1050 3065
1346 3101
495 3467
3210 1141
3648 835
3900 3900
2574 2174
3041 1625
2807 2669
2418 38
1110 1251
638 4068
4078 971
377 1583
2755 3658
1925 2742
2613 1057
3485 1521
3597 1869
2923 3204
1332 2243
3493 3747
3790 2945
2702 2999
2909 3374
882 1188
373 3166
3956 2877
3231 2230
3573 1781
2868 3171
3278 1190
3606 3212
2123 1071
3741 1761
2136 4030
3171 3895
1742 4044
2768 3066
2557 506
4079 3338
2386 4013
2863 2791
2687 560
54 894
2767 1324
3508 722
1286 3365
3764 1954
1565 357
1448 3207
2114 3650
3474 2306
1719 1719
2217 1057
2197 1220
93 786
2100 360
673 1713
2767 2037
1774 3152
1190 1826
3398 979
480 1752
420 1575
3203 1277
1389 1605
2413 3625
3950 3537
1426 1447
2233 405
2158 2826
2242 1701
2738 2738
1983 1858
2302 2479
2686 2516
1808 1808
4071 57
3719 1384
2194 3282
3321 177
3501 562
437 3243
1397 2671
1002 2613
1335 1983
533 2202
3303 1001
3250 3530
2636 2245
93 2758
531 531
860 607
3099 1233
1687 1982
3408 749
448 1334
1048 1048
4033 3403
2031 2031
825 3012
2173 2844
1350 3361
3366 189
3991 2743
1485 2400
1896 1309
3167 1222
2905 471
2699 1649
2417 2645
3683 3542
3688 1229
507 2311
615 2731
3867 1298
3847 162
3937 3453
2973 2973
3336 3336
2502 3454
1724 253
403 484
2738 3928
4041 405
382 484
933 3346
861 2187
3113 3445
1742 680
1612 1376
2351 2252
736 3187
3061 3646
3866 3713
4007 4007
802 3804
3190 1767
3667 946
1291 2294
2331 2533
1567 3844
3577 1001
586 3259
3364 3981
1967 248
3391 3984
2217 825
3788 276
4049 3550
2823 2214
1169 1337
2209 3598
1811 3369
600 300
3826 2259
1579 730
1066 66
608 3328
1816 2403
562 3843
1979 3484
1971 2809
193 2870
2471 3140
2046 3716
2884 2889
223 223
3657 3815
2301 49
3292 3122
2902 1059
2776 2697
2510 821
3937 1794
2870 2696
3448 3829
3542 2990
1943 651
260 3494
2162 3639
3079 3079
3661 674
3320 3418
3912 261
1823 1845
321 3271
2999 896
3017 3380
3904 1304
3555 1289
3541 1917
459 3671
1146 3132
2831 3424
3350 1948
1154 1282
1775 550
576 2037
2129 2888
3415 3415
3345 375
451 3033
1668 1273
710 1583
3432 2255
16 95
468 1656
392 2081
2317 2028
3929 2344
2119 2351
559 32
2914 1675
267 3940
783 2572
3187 2985
1766 451
3283 2377
3949 3536
749 2346
360 360
2384 3299
2186 2186
3621 1049
938 3981
887 3379
3231 3931
108 3241
2727 1710
1309 616
3613 3639
1201 1185
3648 124
2022 1830
1981 228
156 3172
2622 1601
996 3251
79 2426
4023 3719
2641 1055
4046 4021
1485 1549
3325 1357
422 424
465 2586
3614 3894
3420 857
3044 155
1140 3111
49 1787
1130 783
2735 3529
522 2319
3947 1237
2247 101
1027 1432
2109 12
3375 1240
2781 2096
543 1766
266 32
3468 1905
1393 1393
1250 2329
2096 3839
351 3641
3624 3340
3765 1671
2656 767
1066 1066
3047 3461
3475 1091
2587 2587
771 4028
1093 3260
308 182
3964 2663
860 1851
2840 3215
1901 4072
2176 1778
3040 3134
2927 1977
4021 3666
2435 379
1101 148
1963 1963
2951 3481
3339 3547
2056 25
3215 3318
2726 1805
3221 9
2208 2533
2916 442
2209 137
3894 919
891 558
3304 246
3555 3555
2754 460
1404 3891
3222 1803
802 802
445 1092
1671 3726
3673 90
3189 2872
1070 2730
2456 496
744 2369
1913 4014
3380 3472
2733 2258
2849 55
1847 1810
2194 1469
3893 3893
1465 3280
0 3922
3864 767
1684 2027
1994 388
2828 2027
1832 2919
615 3161
3207 2667
1450 3904
288 288
2587 1396
3695 3695
353 2848
366 1864
1525 1486
2715 775
3526 3668
3933 293
2400 2400
591 1623
1338 2608
2529 954
1559 921
3754 468
627 2754
3683 3546
300 3976
3478 3196
2902 1485
2195 476
134 3864
3480 1954
2036 1954
515 2113
2879 3761
531 3806
1937 353
3058 1764
1555 1555
3270 2040
3568 200
1353 2961
557 1468
3169 1663
627 402
1203 2899
1272 1272
3951 955
2776 2328
843 1578
2150 2476
2760 2020
994 690
2801 2619
582 1357
195 2588
3987 1436
2993 3223
3740 138
596 3053
1437 1394
3867 2730
1615 678
1311 1269
448 1609
3910 2405
3648 3729
677 1708
3945 2735
3333 1388
906 2137
513 3872
3408 3408
1593 2340
722 547
543 3122
3197 3600
3832 1439
3444 353
1196 235
4034 671
2959 3892
3578 1530
3361 3361
2255 3232
1954 2553
267 1817
2468 1014
202 3724
3814 1521
3140 3879
798 1027
3361 2990
846 4046
188 2231
3186 3894
1270 3098
3728 309
979 1804
1628 3952
468 1269
3224 1076
453 2122
1250 2903
3864 2642
3410 2293
3627 3186
3925 294
3916 2502
2591 3788
137 3352
2417 2836
2813 2796
2981 559
1779 3446
416 3619
1892 3499
2283 1101
2755 1269
784 877
95 3112
1291 1565
2269 1243
2125 1288
3501 2058
1405 2791
3635 3635
2066 3453
1482 1773
3097 428
3087 2189
2786 2542
4047 2210
2387 2859
1280 3226
648 1977
3210 91
2040 3289
570 570
1543 3066
2000 1148
2493 610
1324 2103
2184 3615
3893 3893
1422 2135
1692 1692
589 3623
1131 150
2205 2265
140 140
1642 3339
2731 3358
614 1827
2516 1956
3151 1282
634 3577
2789 20
345 1092
268 357
3671 3194
1819 403
1927 839
1337 1858
2710 2563
1880 2028
1049 11
416 416
2114 1707
25 1193
386 1147
839 2157
4072 2218
3421 3847
3604 1046
3225 3774
3437 1566
939 274
2629 2338
419 1358
1797 1574
839 3678
3567 2124
2128 1387
3098 1029
3677 3677
2697 1144
3337 2110
3900 1454
3766 2752
122 2297
1607 938
527 527
3368 1903
1060 461
540 2823
112 33
3120 139
2663 741
2112 2982
95 3446
2377 3531
183 481
3053 1096
741 3886
728 1637
229 1849
3379 3379
984 3284
1766 3574
405 691
952 2916
667 2992
2651 3648
1146 2006
2911 2911
808 671
329 3742
279 2273
574 3943
470 395
1009 813
1575 971
2528 2816
3670 1400
3002 392
3292 3459
3670 3172
616 1937
1987 1987
3330 3787
3624 3205
3024 2096
638 1555
2526 4085
2214 2040
1522 3662
1831 2873
1275 1699
307 794
3638 3396
3295 2914
1158 2001
43 2224
647 2075
3730 2180
773 2502
1131 2671
3832 3128
153 3719
446 446
3730 1564
2968 2968
3768 49
738 553
2544 1936
2746 370
3635 3530
3514 1024
1563 345
208 583
816 1254
1309 887
241 1479
4075 2296
812 2862
463 2644
565 671
2311 3061
2115 3746
777 37
3226 3494
638 3401
3234 3203
3066 3565
1807 1803
1269 1496
2423 1002
3583 3532
3097 2873
2176 3248
3248 1445
736 1521
2656 3139
2861 841
1074 2518
438 2243
3891 742
3289 1189
1675 2914
2214 2823
1645 2401
917 689
3146 3146
1065 384
1821 971
2127 1388
2567 1029
2613 1002
3534 1162
2288 2288
2309 1812
980 540
480 3658
3139 2932
2038 3200
2862 3391
2748 3526
976 172
2641 686
2739 3183
3396 3642
1586 3432
161 890
945 3892
1146 558
3204 1114
953 3320
3754 643
3817 1477
3651 1735
3019 3026
2096 1492
2828 4076
3248 3319
1635 3396
3190 2970
3565 3335
3873 1042
2182 1502
2452 3741
2941 1275
1286 3001
772 772
2902 3012
1322 1266
3593 2990
3202 2856
2401 2747
737 1353
1326 1784
265 265
2423 919
1178 1515
1106 835
3622 2023
2122 888
689 689
2660 143
3663 1145
4093 1815
3825 1580
370 1416
1865 2055
906 967
1134 862
1074 750
3197 1075
2800 2248
3049 3015
2041 3937
2089 3284
2592 1049
9 2377
527 2090
3251 3295
3224 370
967 2216
70 70
3544 2802
2632 3180
66 2278
2708 2708
1712 2745
2801 2498
3153 4092
1949 2358
2873 2873
1893 4045
712 2037
1557 1805
2631 295
858 1565
1441 827
1561 1804
2181 33
2223 1372
2814 1346
1086 618
820 820
2375 3719
2404 43
1226 448
1286 171
1519 2579
523 1683
1217 3995
3075 1079
164 203
2514 1507
1292 871
3128 1250
3329 2640
277 3701
1999 3895
462 1334
2436 1544
2068 839
2906 677
1322 2181
3748 1927
1736 3161
2182 2558
160 3322
3718 181
2109 2112
3708 1181
2369 1837
2686 2263
717 711
2797 1444
2014 2269
3372 3656
3616 663
2044 1224
686 3774
3910 3629
2007 1981
2301 468
3048 3876
359 1163
3268 2708
2982 782
1588 2604
3412 1807
3821 3172
2598 2887
1347 1181
3719 3412
1182 1182
2040 1684
1078 55
15 3948
2558 1190
2420 1939
896 1359
1972 1456
2551 254
3759 1615
2861 1453
1309 1416
2306 3207
2860 2440
208 3698
3650 2982
3271 195
1972 3519
678 607
1818 3914
1185 1291
888 60
3348 1736
3533 2630
738 43
1957 1175
2841 384
533 688
2945 861
980 873
842 1161
2400 2400
2413 2796
1982 971
2189 3461
1681 335
457 4
1959 1046
148 2063
3754 25
417 3174
386 3398
291 1034
3352 1524
3416 2097
1104 3639
1401 1401
2520 1092
2484 1194
2040 4023
3716 2662
3417 1023
2397 2422
3161 1981
3171 2518
2617 1389
2798 2539
2504 2439
1728 3027
3256 1166
1056 3758
1395 1430
3683 1194
1569 1585
137 1521
82 1079
2945 2961
383 81
2348 1019
2214 2130
238 1518
657 2005
2288 2288
3812 1492
773 3711
323 2813
23 2053
3442 2427
1915 1970
812 3708
431 2132
3694 2359
3822 3943
3397 148
501 243
2410 3374
1928 2076
1010 3179
1059 762
1811 1575
4039 155
574 1113
3583 2862
2873 4090
1941 205
1560 2542
3397 2776
3277 3596
2822 3116
829 3864
2214 707
1854 928
3300 163
3337 3337
2439 980
1469 1469
343 3869
3456 1278
1380 755
72 1774
1193 1193
2006 233
297 2086
2440 1493
3040 944
387 2636
3886 210
1358 1129
894 1789
2533 2533
428 2740
2892 1529
644 3053
2556 3285
3146 3171
3583 3270
3222 445
1104 2310
509 3218
893 2588
3098 1050
1384 2154
3956 1873
2329 1868
858 2125
3880 3973
1462 3773
1817 1350
851 2502
2675 1245
3152 16
1231 2052
3024 1978
400 3707
200 2547
881 1129
3839 3705
1982 1522
1962 3754
3955 286
2692 1482
1497 1087
3247 1561
1047 507
3438 3393
788 3205
238 3701
2438 3675
2042 196
441 1617
648 1233
3728 1989
1935 243
2906 1286
1525 2887
756 2140
314 935
3340 377
456 3205
12 3045
1350 1092
3776 4045
557 678
3739 543
2656 4013
1936 1530
2008 22
609 2961
3170 3251
953 953
2471 2471
2557 2844
1081 2808
792 3989
505 71
2085 3029
519 2514
1314 542
3570 3570
3721 1347
458 1250
507 1895
1999 1040
70 2800
3189 1795
2114 134
1216 1216
3224 300
3261 1526
3651 3651
2708 3039
1483 1899
939 340
480 2003
3094 2156
3768 3768
2823 636
1454 294
1581 3860
3912 812
66 66
402 723
1866 3273
676 3353
1991 2478
3722 2832
92 1810
497 497
184 2198
3572 3572
711 1397
3367 671
3773 2829
3087 3087
2951 1151
3676 2613
28 127
1586 500
2567 995
1488 1898
782 3361
2229 1397
2768 389
1891 3031
2114 2246
3749 2873
1811 1811
2148 1712
2581 218
710 1386
730 505
10 683
3553 3553
3374 1094
3217 2831
3604 2842
789 857
3225 2915
1404 893
34 1251
2083 4086
2721 365
2229 3318
2581 880
2434 809
3080 1448
1807 2693
3186 767
3887 3471
677 310
2909 571
1999 3658
3748 3203
3202 1375
860 576
2230 70
2562 2702
2321 925
3087 2615
2143 3168
1097 1216
3912 1190
1774 468
1896 1896
1002 3333
3093 721
1764 2945
128 1681
2990 2990
2320 531
146 2132
19 1767
3855 636
1250 2603
3810 2804
1404 425
1322 576
253 253
343 2634
470 3552
3498 560
53 1597
786 616
3537 33
2409 2438
3542 1960
3618 816
1791 3657
183 2664
1635 1346
3678 1751
466 466
1003 2638
821 3666
3489 252
1190 3754
3931 130
2781 710
1695 177
2668 2963
877 2064
150 1959
2835 2835
3671 3671
2439 1951
543 3186
1197 10
2813 3273
3098 459
1709 2033
3537 3236
2673 2673
473 2723
323 5
2188 2188
37 135
2631 887
1811 1335
1224 1563
2727 1849
3086 2422
454 327
1144 27
699 699
390 3589
158 3111
2855 1006
241 4013
3702 2999
162 162
4058 1607
996 1999
3593 3273
1266 3904
2909 1066
3244 1176
2638 2638
1793 1793
2279 2279
1091 633
3086 189
1047 1380
3108 2707
3122 2478
3452 799
2426 4083
521 3952
3209 2752
1886 4090
1521 1521
3658 543
3295 2695
1823 2729
3611 3611
148 785
2999 1775
1402 693
2367 1070
2364 684
3904 1176
3934 1077
3422 2911
2231 583
1228 4035
1290 72
3576 2797
357 3658
2321 2110
3676 3171
837 3536
2693 1446
3791 3494
1216 3470
62 1398
564 2117
3596 4049
1121 1121
839 543
1986 2109
815 1065
2260 3365
2679 1591
1913 484
837 3575
2541 1902
448 448
483 880
3315 2466
2919 1126
4036 4036
1778 3476
1542 3773
2443 2606
2210 2898
2631 1181
435 2833
2531 1056
707 773
1982 587
2968 2968
1569 298
3292 2532
4091 3098
3661 3028
2070 2556
2995 2221
3847 1656
2916 1181
503 689
636 1588
2518 809
2510 2576
335 229
3247 1785
4031 2823
3956 359
3030 3030
542 1700
543 3171
3465 1066
2703 3580
498 2776
2227 4091
980 1952
1540 2583
1766 1927
3089 384
1148 2699
1481 1565
548 1008
2926 125
1405 2286
1345 2122
2570 1473
30 2787
2142 3593
189 3160
3533 2630
3560 868
1596 2060
971 3650
2282 1663
2789 2781
3128 2873
4039 1219
1031 277
897 122
2166 919
2893 2893
2566 1199
3961 3561
4060 3683
2539 1392
2708 696
2322 1536
204 1255
2926 2034
771 2931
82 630
4039 2617
521 3398
1093 1220
3822 2981
2670 255
871 252
1575 3825
4029 351
240 482
696 1637
3639 2569
1567 1567
3648 1262
1542 3126
2559 3765
1940 2546
3407 352
2913 2199
1192 1855
1284 3866
3832 2380
890 3499
431 1479
1446 2321
1790 3226
3125 1868
452 2400
3842 2117
134 1615
2747 2518
4006 3058
2491 3658
2227 3012
1641 1742
1670 2498
2312 2769
97 1121
1671 3648
3446 2186
346 3940
897 639
3827 1965
223 238
425 425
2940 628
728 3728
2667 2299
4069 2563
1811 3302
3343 2203
652 61
925 2026
252 3788
868 269
264 468
49 2371
2878 3005
752 3504
3280 3572
3253 224
457 2891
4063 3032
463 463
2937 328
2273 1898
2384 2855
256 1734
3658 717
1185 1002
2301 1426
2243 440
1493 295
2667 2127
4076 2579
2597 2256
2162 2983
2750 2279
2906 1982
2171 2171
3406 974
848 208
2566 3974
896 1168
3949 2203
376 448
3198 2695
1817 1817
1471 1711
2851 3798
2299 172
509 1222
175 175
70 1820
2056 3258
1100 599
3651 3651
3914 2926
3648 1745
3821 3821
1500 1240
643 3168
157 2293
816 2772
480 3583
1400 70
2956 2956
1263 2243
2224 2059
1826 2400
467 1067
3329 2352
3547 4023
3663 3697
45 45
1819 2902
2060 3924
3303 1493
1578 202
809 2068
2181 992
1815 2678
934 1143
1849 1269
206 3538
3529 3631
3360 3360
233 1338
2877 3759
3138 2337
3795 2098
1609 3560
1871 3291
3897 1682
1937 3583
288 2060
450 3568
3900 164
2277 3361
3224 648
4056 3319
1001 1380
3018 947
2902 66
2902 3232
2476 401
2906 1687
616 2254
2314 1448
2535 3553
1863 2791
301 301
1097 426
3784 3769
3007 3980
2828 1708
2371 2726
55 3860
644 935
1376 1443
4047 4047
3531 2433
1193 3625
2278 2529
3047 795
959 1615
3670 1272
3026 1584
2382 160
2094 740
2740 1326
849 2570
3268 460
3266 1101
3855 1688
164 1284
3356 900
2776 447
3490 20
3533 2657
898 2398
364 3807
1022 3605
383 2824
2358 1435
2123 3564
1761 1803
276 2063
3323 1687
1797 1468
2497 4068
3203 3203
3822 1076
3751 2944
3887 1788
4063 2343
2286 2286
3109 366
3568 1784
2558 1868
1875 3698
3114 1801
3364 423
3399 693
1607 1284
2439 938
258 1043
1930 2311
2785 2555
809 2148
2330 2358
2919 3639
2311 3294
2128 508
2046 3454
2823 146
2387 1640
2605 2605
1832 1262
1588 34
3098 2382
317 677
2165 3448
906 2914
264 264
1128 3802
3641 777
360 2429
3087 776
643 3325
2863 2151
273 580
954 3605
2591 1868
3010 3970
718 3821
3562 885
1028 3268
2056 3449
2052 1343
1157 3306
90 3477
3333 2644
2400 3501
3598 2320
535 905
2471 3168
3273 119
1131 3747
842 200
961 921
1348 3491
3739 2854
852 3318
3623 1546
619 2115
1629 2799
2919 1609
692 3625
1350 769
20 2982
3739 3268
2530 3346
1350 2485
2023 2023
42 2765
1391 1495
1966 1088
286 2988
431 636
2152 2215
2995 3940
3151 1610
2493 3050
1309 1695
3153 1602
3165 1179
1507 1507
2912 2320
1007 2552
1816 1758
3842 378
305 3665
1433 1057
3238 912
189 189
1199 1801
1097 73
3885 822
1348 2644
953 2308
2008 2008
863 1829
1320 2557
2122 1002
1999 3916
1726 1552
1556 2379
2249 3489
767 2999
1955 2591
240 334
1427 290
1774 1190
1653 875
1561 162
2527 1011
710 3001
971 3505
2036 2171
851 791
506 3085
3025 3025
1262 3677
883 1046
596 2902
3743 2022
1286 1286
621 1485
2799 1280
444 1259
3900 2823
2843 777
3658 3140
345 496
4007 573
3355 1750
2567 3323
863 3926
2757 811
935 717
39 3883
70 2749
2854 2023
160 3480
2328 2781
2301 3186
1823 424
3749 3605
348 3958
3025 865
3648 1552
2173 3357
