1028 2242
4627 4627
4342 6581
6747 7348
1219 7956
1649 8171
2692 7943
2749 5733
7370 7370
1895 5983
3621 7998
4652 4001
1357 7708
1411 4643
6834 2710
4623 479
2331 1586
1971 3158
1927 3122
3079 386
2591 7242
2230 2580
263 4225
4534 6095
3876 1258
3523 5710
4114 4571
7123 124
2843 7658
6261 7771
2684 6283
1736 883
5414 5372
7656 7014
2586 3343
7129 7440
2146 7144
1744 4014
2066 4864
2974 3984
5773 894
5914 7012
5408 5966
4031 3637
4764 1268
7946 1050
1343 3312
4765 2891
4650 2565
2424 1982
1193 1272
6651 1492
5434 4764
625 6811
502 4689
7340 1011
1225 2194
5568 4900
7559 7714
6330 1728
1461 1299
3142 1702
1552 1552
5151 3635
6845 6845
5093 5210
3153 2069
2275 6673
2306 6171
4478 7560
7566 2252
2534 2534
1438 182
6915 2498
1188 4602
5924 5924
2910 834
5752 3116
5767 2732
5670 6000
118 4963
4 2501
2288 5877
4899 6088
6771 3653
3866 4025
2130 1470
7814 4665
773 2681
389 389
5783 4437
5630 543
8126 2687
4281 639
7871 1024
7894 2195
3341 5061
4734 1936
5928 762
7887 4518
4168 191
7245 7563
1599 6241
7350 5679
7527 252
5772 1822
5222 8163
6507 2749
5632 319
8094 4607
4960 1088
2393 1927
3426 5370
2123 1851
5731 6811
4737 2756
2400 2247
1070 6061
2255 1724
7278 5849
7892 7579
4493 434
82 5686
5112 6975
66 3879
2430 5934
3889 370
5432 5487
7338 7338
6058 2255
4873 7333
7329 2947
5726 7580
1523 3468
3857 6475
6491 7767
6645 5075
361 5314
7242 5862
6800 8055
6349 7466
5084 4811
2103 5164
4745 4985
3856 3856
7217 5716
8158 555
3646 6599
7198 1979
3183 1600
3186 4920
1394 5400
5295 7322
5699 6673
5128 1272
7861 885
6171 6171
4599 581
804 4306
5924 1405
4794 4765
4491 5137
1131 6800
994 994
1999 1999
7009 1709
7814 5381
361 2267
266 821
5743 7468
1864 1564
7022 5195
6269 6473
7795 7795
92 1209
4479 7755
7034 5436
1166 4234
3369 5947
1131 3114
6448 2502
2922 5715
2279 1592
217 2530
4887 2613
1417 1935
6691 3019
6330 2159
740 2693
864 7462
6246 7781
7012 3003
2721 5130
4708 5928
5925 7848
6379 7528
7116 3856
7279 4163
6765 1438
2528 2528
1766 1187
6811 7348
7315 6089
5734 5734
5837 5503
6811 817
5592 7864
8011 4831
3460 7958
6533 3614
7612 4993
6453 6885
2910 1288
4494 1714
1734 5028
342 1406
6104 5294
7040 7359
1640 6481
3839 7570
7051 6785
2288 7732
500 5323
1131 677
5794 3464
4115 7365
5134 7623
5293 1499
1518 4680
7992 3361
4823 4823
112 8017
6109 5434
304 7492
4398 8105
5925 3171
3051 6950
6509 812
2493 3933
196 3274
424 1832
7992 5126
3437 7668
2498 8034
8157 7755
6950 7451
1440 5528
3838 2916
6607 6607
7306 384
5881 2039
5822 4401
1749 7854
7149 6011
2747 3707
5479 7963
6828 7307
3880 3880
1832 5791
3626 1517
2520 6320
6759 6759
7905 3114
3694 2651
537 1434
4537 4606
5215 2375
4786 3742
1405 5076
5056 7670
8014 2927
4859 1405
5308 5308
2680 2680
6294 627
1905 1905
8065 3765
3729 3032
7981 4343
5314 3708
4479 5039
676 6489
4694 2467
7542 1979
5547 5547
3650 6814
4606 5839
2041 994
3627 5303
2787 1088
6978 4064
4645 3125
3118 446
881 881
5430 5916
1347 1347
3076 7089
6473 7248
1826 7069
4503 3387
4817 5769
4616 4070
1963 2193
7518 3698
8006 4859
7505 5838
7497 6118
1744 2020
1326 3986
6591 998
7486 6509
7946 4771
4998 939
3910 4447
4995 4995
7994 1193
825 7732
5092 6605
3842 4700
3874 5977
2016 1990
7760 2438
2484 2297
3703 8123
1072 1796
2039 4400
6224 4964
3940 3940
3695 6844
478 184
6169 4996
181 25
6500 1729
6305 6305
7123 4158
6183 6635
3581 8023
4654 1494
2521 840
361 7618
7739 2485
1491 1191
4947 519
5250 4777
8021 4230
150 2102
3330 6005
6154 595
2173 3399
537 2858
754 1585
3546 90
1156 4658
7038 6405
4493 3140
3183 3014
4146 4928
7762 4224
843 8115
1006 6535
1622 5468
3953 7634
2534 4752
2726 7511
270 7502
5138 4609
2191 4082
1671 1749
8152 3776
6570 3556
3412 8125
841 7065
3990 5656
2909 7728
7920 7973
8151 1048
4644 3717
7493 620
2115 8025
6165 2820
5244 3258
99 99
2279 6468
3695 3433
6791 5178
5386 3945
4755 5241
5241 5527
1315 733
3311 3311
5592 8169
416 3337
7022 2740
2221 5960
5167 276
6984 6976
6062 1786
4877 2745
1558 7981
1439 433
5311 7149
5683 1419
1191 7046
5379 660
7741 7658
8028 5779
1891 7136
4952 6739
1465 4172
2463 666
7043 6782
2352 1746
7486 7431
5410 3618
1669 5697
226 3842
542 378
7670 436
7908 7908
37 7749
1207 2271
3589 374
4864 4874
4436 1570
4415 2812
754 754
1863 7719
1644 2161
2916 4932
6850 4862
4213 3094
517 2825
3348 2019
2237 5230
2726 7537
3344 4035
2696 2845
8186 2571
1826 3212
7991 858
984 6178
3301 3952
6760 538
302 7378
7881 7439
1058 416
4411 4749
5039 4009
2382 1439
1198 879
7476 4011
4296 6246
5983 8141
760 1823
4135 2615
7658 5696
7714 5129
3234 4677
791 3075
649 2508
326 6640
6188 7910
7875 4107
466 466
4040 6827
2444 7042
4710 1594
6729 1744
225 5065
6141 4326
7004 1787
2660 1136
1043 1043
5836 7489
6793 1186
7371 7365
921 1270
7964 1319
666 3039
1140 7600
7247 2823
5436 7193
879 3627
4092 3243
2143 6284
6872 5996
2221 1819
5968 5112
6657 6819
7085 2808
7840 4604
361 1042
6291 5223
7939 3083
736 7404
4618 7554
3260 496
455 455
6600 2240
7301 6728
3063 8058
1952 7922
6330 4412
7654 5272
4734 3122
5128 665
2864 1136
4341 531
1488 191
5823 6519
5803 6739
6252 1982
8164 3622
3419 5361
545 535
589 4045
71 2576
5389 6687
723 7217
8061 2778
4278 7123
5933 5476
1904 1379
6477 967
7687 1019
5696 1810
7179 6029
3256 4310
5800 6536
1156 1041
5525 7895
651 6046
526 5827
7919 5496
5880 4250
747 2959
5696 3729
7920 3873
2423 164
2671 2671
4582 3580
2540 4253
1400 2087
2303 6252
4705 1204
5288 3733
6629 4950
8025 2115
270 1728
6675 293
7094 3879
6207 5798
2658 108
728 4425
5837 239
1288 4646
4212 7351
4084 2255
1798 2351
6443 7220
6405 6619
6950 3141
7414 7370
6058 5481
5736 5665
974 7247
4523 6976
2222 6769
4081 6708
1129 1719
2364 2364
1340 1340
8149 5126
6994 6994
7631 7955
5706 4040
3181 4107
1635 2142
5296 709
1588 1518
2613 5120
2387 5347
3682 5222
1308 2064
3152 3646
2718 3392
2726 1001
7351 3769
2448 5875
1848 2776
3053 7997
4303 8179
4635 3719
267 2921
5747 6451
4190 7304
3269 7059
7098 6122
7527 7527
2094 7582
3834 3050
3515 95
3306 4941
2073 5753
7909 3952
370 1454
238 3969
3790 861
71 2484
2261 2843
7658 6685
4688 7273
7711 4806
174 5081
6440 563
245 7594
2618 919
7777 7777
251 5039
8108 4393
555 860
200 5386
7725 923
3002 7242
7765 6982
200 3191
2926 181
2749 6567
3271 1831
1686 499
3986 5585
4630 6764
159 2631
7916 7916
7480 4718
3139 3336
6018 4179
929 1659
3790 3334
8122 8122
1927 6058
832 6400
3471 7112
6687 4155
566 2803
3459 5915
6654 2309
7470 3938
1231 4804
4386 1921
1671 7791
8025 3839
1459 981
6363 3918
857 5548
2905 5885
1999 7741
4920 4884
7356 1190
4066 6720
5205 1066
1190 3186
4104 3556
5997 5997
6046 6547
5248 5626
137 7617
1438 3808
66 3020
4011 4128
4914 4416
3374 7564
2925 7713
7351 1260
4214 5217
4297 2364
1214 6626
4826 2974
3984 5586
3900 370
6063 6633
2389 6062
4110 7418
3464 2616
6892 5588
4091 2706
5158 2687
3785 1078
1607 4323
7632 4884
5411 4131
2410 2860
7260 3851
1186 954
2874 5820
3365 4412
4658 2594
7535 70
5560 2951
2783 5127
1968 351
815 6091
8166 7831
4557 6518
5552 4878
4889 4889
2801 6458
5138 7526
2012 3540
3995 3926
3397 3464
6589 1574
2664 417
3087 456
4056 4658
5192 415
707 415
3514 3746
1818 1818
7587 7587
7950 816
1819 7454
6991 4604
3400 7039
8049 7137
31 1100
5827 3384
3202 424
1982 1335
6511 2999
4920 4884
5516 5516
3192 3654
4646 6810
2987 4724
7334 7569
1503 1686
5559 2663
6936 998
6929 7242
7338 4058
3866 3493
5260 7253
5197 1686
527 5006
4 7450
6051 7360
564 1026
3397 2365
5584 2667
34 6183
7077 2676
147 5093
3574 3574
5610 5796
4746 4767
2661 2494
704 6900
5738 3286
2043 2043
4564 5312
7898 3158
3898 3898
1961 788
3550 1281
7483 1145
796 4311
5522 3531
887 3379
7312 1220
3617 515
7278 1292
1040 1040
4554 1814
5592 4608
1455 534
3304 2427
574 7685
8095 4905
2484 2660
1350 2944
3186 66
7979 43
8083 3042
2906 5558
4230 2828
687 6570
5903 130
6147 5747
6177 4476
8031 776
3637 6673
5039 2319
4342 4342
1148 1148
6038 1287
2745 2601
164 2329
7504 2501
5852 5352
2065 8184
3395 1256
3492 3264
5717 8168
616 7128
1645 119
1346 8164
4069 5414
2222 3629
7414 5849
7658 5696
2365 499
1520 3895
7605 5468
7804 3763
6668 1556
576 5483
5794 4617
950 4936
4858 4953
2677 5935
562 6328
6119 2859
5564 6060
7068 994
1259 2665
1127 6372
283 5005
7491 481
7854 7116
367 7697
2000 2935
8068 1145
1896 3563
3147 6728
7302 2658
1085 1762
8068 3556
2528 2528
3266 4365
1528 196
7511 7255
2454 7547
6879 322
6323 7496
7354 7013
7094 7094
7079 6729
4080 7286
7300 2157
6628 1682
101 234
6831 7625
230 7459
4718 1873
7393 3771
2043 8025
3949 975
3643 514
5128 1190
4158 5477
8095 8095
13 708
6735 825
4032 6171
953 8148
4003 2905
3086 7985
4389 7299
1760 7720
7795 6543
3321 2241
6497 3465
4154 3298
2662 4357
5245 6710
1579 6902
830 3683
6303 2094
7545 5385
5353 3977
1041 6144
0 5916
5771 6955
5800 5800
6064 4307
4890 3335
778 3353
2553 1728
7573 7756
7934 6812
7732 7732
2687 3207
8103 1662
5864 3666
7351 7351
5026 1215
7694 1201
3656 4005
5188 5757
7086 7086
7312 1784
6123 7304
580 6497
2933 2914
682 6779
8080 4401
3029 5266
8105 7816
7800 4863
4995 1172
5150 5150
579 3415
3434 519
1268 4066
2288 386
8141 5663
2033 4973
6488 4627
4150 5169
5401 5731
44 3940
7581 3587
7355 5215
6653 940
3186 5815
2305 4323
6374 6374
1688 4
4363 7388
4907 4036
1305 3135
5773 4660
6273 7826
430 3836
511 4964
742 4119
2918 7713
3270 5825
1113 7767
7250 6447
4313 8138
3114 1197
6631 696
6079 1932
5708 6303
5085 3391
3058 2785
3771 3361
7022 7783
5624 3503
3868 4279
3590 5906
50 3270
979 8060
1588 456
7272 1521
1883 4
4338 714
751 7725
4019 5249
2723 4961
7317 2200
7933 5531
8141 511
1586 3326
3483 1150
5206 2967
6721 3612
3147 3549
7565 1707
7496 1970
6779 511
3122 1873
4047 3379
2117 3210
2252 5696
7048 7900
3461 6674
4251 2470
3268 3879
4412 4412
1253 6566
7008 6727
6543 7783
7497 749
5496 5496
3545 3545
4025 39
3557 3453
754 7119
7242 7511
3627 6787
5293 6489
1707 3145
5168 5436
6816 8145
3270 7159
7881 1272
4899 1043
5270 7054
7802 6808
6509 7244
204 6750
6220 6995
4016 582
3877 1879
6550 5723
3415 1811
243 7878
7382 7042
372 4535
6516 5645
7794 4787
1134 1134
7592 5021
579 1688
1908 5296
5394 4805
1537 5
7481 5227
3719 5284
7743 6221
2506 3343
8105 3270
564 1494
2386 3559
1488 3547
7098 333
6402 4220
5303 1501
2879 2974
101 976
4031 3593
202 202
3334 4809
6434 6303
6819 1625
3489 4058
5877 1573
197 2289
7854 7854
2497 7997
5946 1831
5207 4594
8107 5263
6638 6121
8137 2216
4113 7854
1895 1895
578 578
2338 7801
5154 2219
7534 2529
3486 229
7553 1580
1468 739
5704 6072
7685 2189
7888 2389
1708 7679
5992 99
204 5459
1993 5574
7192 3005
2904 7062
2843 3236
7375 1178
638 6200
6829 3367
6330 6451
1198 1265
7024 4479
3901 4142
3383 3383
6461 6697
5823 5085
4050 5260
4892 6037
2929 2328
5988 1844
1774 4776
194 4629
3352 3352
8178 1745
8124 7602
6664 7388
46 3703
1236 468
4696 621
1544 6565
3408 3408
7713 2094
4479 839
895 1390
3033 4030
8157 1348
1563 5532
4608 6182
4828 5314
1190 3017
5959 1330
7950 4610
2651 3618
7184 2553
5188 4947
2938 1447
3061 6029
292 4699
1125 7678
6603 4794
440 6543
6570 7388
7661 1736
4256 6406
3050 2538
2674 142
497 497
5108 6917
2824 1587
7648 7648
2190 4874
7598 2890
1615 3335
3630 6022
1562 3731
2665 3481
4416 2916
5462 2333
4847 5861
1495 6473
2616 3754
5533 5548
7329 6078
4096 6112
1523 4600
6257 3868
2336 5119
7946 1268
785 3562
3433 4740
5370 7166
4782 8077
7327 2304
3140 5722
1454 6200
434 7030
3936 1448
3686 7783
6413 459
7942 3952
5470 7658
3837 702
2400 2400
5265 1400
6429 6429
7034 328
3461 1535
474 822
889 3262
5278 1942
2094 1495
6171 4592
3573 7004
4125 5650
5897 679
2241 1196
5687 7672
6044 688
4080 2429
676 539
4955 3541
2531 6288
2653 4586
8068 4764
4941 5792
6993 6993
8119 949
7190 812
7958 3622
1837 1903
5022 1521
7492 6790
6290 7901
5135 7625
254 4410
2295 6007
6572 7542
2899 2134
4788 5690
5629 6204
2037 290
6468 376
3610 5222
1990 8162
6091 3379
2330 771
3964 8133
4922 7926
1466 5535
7598 6681
416 3864
4054 5303
5462 7236
4072 1864
5930 6065
2003 6192
4715 3082
2881 3467
7741 2554
5018 4108
7950 2165
1660 7612
1386 2906
2091 6174
7145 7145
4734 4856
534 534
2811 6839
802 118
7284 1824
4662 7969
7500 2803
6290 8068
7550 3550
5353 4250
6585 3900
7100 5081
5543 7983
688 2751
1410 5844
7576 7576
2554 807
8148 4981
6303 3268
4718 7158
2078 754
1372 5110
7356 2301
2024 6066
2225 3681
2920 2920
2386 6031
7131 454
2611 3847
2539 3383
5323 6897
105 7025
875 8095
375 7247
4715 2331
4639 2823
3758 5208
2701 5685
3103 7857
1057 3663
2970 2763
4479 5361
8066 2454
1819 1819
7535 2447
4130 5739
5281 908
1890 214
6243 5449
1165 4364
3934 2578
3540 8129
3408 5326
7782 4098
1446 1680
7025 16
424 252
3583 3645
1164 6488
6790 7238
5185 434
6126 7956
7005 2922
4525 2849
5204 2616
40 3918
2 3695
3248 3248
6764 7078
3531 717
2613 4097
2720 6475
1191 6896
6988 4364
6 37
5656 6840
5118 4061
7565 6290
4545 7589
5386 6352
6151 1438
5149 5922
3822 2473
5263 7530
5332 1186
376 5333
6872 3167
8116 1523
2311 3030
341 5031
4405 4686
7601 1044
6113 6070
2303 5354
1057 5193
3306 6401
7587 3090
772 6461
2800 4685
3058 25
189 1461
2122 2879
5314 137
6489 7428
6662 6702
4196 5619
5303 6165
1022 7887
7968 5273
4342 1828
4576 6870
193 3408
3138 1165
440 440
3138 2680
6844 7322
435 435
5604 2304
8090 6710
3593 5983
2398 1
1989 1851
6818 4669
4550 2114
6361 1982
4424 1611
7854 7634
1441 2934
1661 4181
8062 3244
7668 2786
3901 3739
7285 6863
7131 717
57 7616
6175 4966
6349 6555
4593 4938
7696 5848
5094 2872
7253 4474
6513 1779
5280 5280
2400 6140
5868 7992
662 2328
1511 2541
676 4894
3970 5747
2334 3298
2017 6242
7293 717
2357 2357
3850 6409
2331 5039
864 776
64 5501
6847 6847
451 4080
5529 3292
8031 2255
6570 2995
1552 1373
6228 6228
946 2045
2374 921
2200 4920
7003 2663
2566 1947
4130 261
4600 5430
3826 2412
4625 2981
5247 697
2484 5068
2298 5388
4680 7991
3987 3987
3370 1145
2077 778
6731 7152
8158 2387
7540 3514
2651 4592
2520 2520
5272 5828
1563 1085
748 2157
101 1100
370 6214
4820 3039
4444 604
4545 4498
1540 5308
2347 4358
4652 4609
7731 2601
5237 531
3295 3007
1740 1740
2291 5278
6015 6238
6330 4972
2080 5881
995 2109
5208 7038
6471 5131
7712 4757
3579 1213
1810 1494
4592 8095
1108 4964
3864 1520
250 5231
301 2148
4390 1112
5304 3962
1335 642
6440 563
2352 3856
6880 1338
2043 6140
3396 3396
3218 7007
64 6517
342 1781
1448 5722
3370 2485
7597 7624
7744 7471
3884 6624
5626 5273
5241 1157
1927 1555
5507 7016
1873 1346
7509 2021
6626 3326
1190 2415
5926 6598
2902 1296
6429 3766
2109 2109
6688 2440
1106 8129
5769 1461
6113 2200
2074 4119
3995 5298
4987 5544
5378 2553
2728 1499
3599 3599
680 6726
1198 5796
1480 1591
135 3294
7795 1423
1572 3249
7959 227
2059 3975
7086 1733
3571 5027
1125 6326
5608 5608
3448 4973
1177 617
3033 6006
5981 1728
5640 5554
4588 5537
861 7573
4945 6641
7681 3141
959 7524
3598 5116
7810 7810
3697 1841
6777 6777
6058 7296
7951 973
7715 1374
6485 828
5045 3617
5831 2068
4763 6808
6491 6005
3930 1529
3520 100
2114 7565
3136 7539
3735 414
5218 4509
4523 7788
2985 5958
5734 7169
6171 1495
6558 0
5056 4718
4058 7064
6675 2275
1074 6108
2287 7151
5528 4557
2206 2206
6475 1555
6797 3334
2236 5440
5049 3578
3839 4898
7742 37
4920 2515
5773 6904
7296 0
3762 3499
3218 25
3771 4790
3520 3969
3514 4657
6997 5061
66 1386
5146 6848
7047 6936
5868 5712
7709 582
4410 2615
7847 6655
4182 2859
8048 7110
4409 5995
3268 6058
5877 4810
8154 6531
2298 6812
1831 5219
5664 6238
3222 4719
6491 7767
1907 244
2507 6640
1134 5925
3909 6919
5401 1688
5467 6189
7932 3988
3509 4119
4986 7347
5127 5055
5195 3931
6362 221
3811 632
3361 2843
1380 177
4248 2835
1640 2693
5731 7148
666 7253
8023 7715
3554 6734
5031 3094
2981 1565
5734 6951
260 6289
8059 3234
1286 1936
3270 4598
2944 349
3935 3935
5664 4574
3976 4261
6356 6817
7316 2134
5533 2497
5612 7841
5686 1834
8187 1687
2609 6748
6863 625
1619 1810
7204 4990
2983 1265
7393 865
5050 4600
7245 3191
2122 7526
5314 4805
7880 7057
904 1923
3369 8110
5829 5086
5797 1558
7470 3330
6960 6632
5041 5825
3920 331
7337 357
4188 542
5124 3793
2676 2797
2121 7888
1558 1523
5963 5282
1370 5286
1724 688
4087 8129
7049 1831
8169 6394
4890 6051
5375 4799
7991 56
2571 4560
6329 4168
1595 1448
3774 6290
7102 7938
740 4003
2695 7488
5525 568
4401 1109
5023 2546
1215 6765
5445 2071
1573 2240
6938 781
6803 1343
2332 4617
3213 6539
1775 2796
5119 5375
5225 6473
5515 1744
7837 1001
2099 633
5305 3181
5399 5026
3168 8105
4694 4078
4032 7891
6795 3834
6688 7223
523 7910
7080 2295
3029 6760
6035 139
2939 7388
5347 7751
7663 6110
6676 6179
3008 5531
4172 2305
3684 6641
7459 2311
3751 6531
5404 5139
6457 1362
7665 7391
6993 1491
5826 3517
3122 7131
1886 3039
5505 3164
6145 4605
4122 8191
1773 7541
3443 6815
7200 1640
6079 3627
2042 1088
6224 3677
3619 1707
245 5862
5332 1213
55 7526
2601 4185
7933 1890
6063 4920
25 218
3485 3140
1674 5110
7654 4590
5331 3502
4620 7735
3557 1449
6138 7924
7507 4781
5139 5582
3580 1610
6011 2781
7050 753
2776 6403
6027 6535
5047 4247
4979 2222
7561 4398
8139 2330
4037 8014
7757 5616
6165 6385
1899 2579
2491 6680
7255 4755
4243 6406
4273 1071
7652 4972
1008 1003
7234 5809
2968 3776
1278 2190
4239 4239
4987 4987
5055 4129
5739 2311
4080 6785
7594 843
2494 4767
2682 5647
1665 3825
3717 7025
4179 1778
989 8043
273 2124
4335 6004
7210 7900
5258 453
1101 2230
3596 2315
902 7880
7818 7558
6261 4694
487 6597
2517 4662
5643 5643
3643 1810
1444 3794
2472 3142
7391 473
3663 1076
534 5525
27 706
745 8160
7347 773
2806 3839
13 3918
1293 6184
4662 6517
8116 6103
1088 4741
2925 6843
5412 6794
3701 1768
4755 6093
6750 204
5410 92
7631 5102
5676 4655
1190 3895
1959 468
4412 4412
3195 1728
5517 7113
2768 3496
5970 4251
33 7550
7746 1047
5065 6367
5756 5520
4115 1544
6253 725
6292 8055
2041 5326
367 3821
2341 4266
5296 6897
8186 6303
150 150
6038 6636
1710 7244
3732 5982
7830 6807
821 1654
1195 7407
7662 4604
7374 142
5509 5859
1047 4833
3313 3
1159 6842
7989 3841
6885 6885
960 7772
8081 4244
3672 2922
4400 4049
2081 2387
8162 5316
6252 416
1597 5305
5895 5154
3743 4398
286 4037
3180 2052
1056 2782
1801 89
3861 7297
551 2277
384 1938
1821 3412
3862 5995
3650 5831
5823 4230
1529 151
3663 7950
4874 2119
2469 382
4326 4898
6739 7721
839 4479
1417 5001
7051 3426
4773 3403
3425 3809
7164 4776
429 2660
3851 7763
426 4323
1446 5876
5269 1517
5425 785
568 2179
714 897
3742 3222
5045 274
5716 3326
1047 7235
503 6277
6451 5730
6891 7989
3762 5058
3140 6252
6135 4216
1656 338
0 165
6597 4755
1347 812
2706 6976
7391 602
165 5130
5580 5274
2465 1902
6537 7897
4270 8016
1558 2109
5565 818
7557 5028
3932 2861
1426 4412
7286 3078
2695 6468
6885 1163
1438 6946
3683 5202
468 5524
7815 425
3552 187
3982 3982
1955 1955
1219 2210
7943 6765
1673 1393
6255 2564
3717 665
5272 1233
7224 2079
5934 7225
5106 3339
2821 7303
104 7950
781 5379
4536 6448
3361 1560
6474 7873
3812 3370
3547 137
7301 6795
6215 2739
5291 6883
2227 5800
2150 4479
5925 5146
6697 4363
2373 5605
4623 285
2990 6349
7304 7582
6158 1372
7741 1999
1959 7727
7250 6686
8076 1584
6907 6244
1394 5237
5893 2341
2090 6692
1107 3696
2275 7796
4979 1935
7935 3287
3579 5733
1275 1275
4705 2371
4728 3489
3644 7607
7883 8157
6585 908
7439 5468
6694 5194
2902 534
7717 589
3209 4253
5257 3415
3719 1874
2012 199
2229 2229
6735 383
1302 1302
3453 4156
2850 6821
5106 5106
5145 3592
4245 837
2070 5753
564 3943
5137 2929
5779 2582
5630 1943
4238 4238
4257 7600
4477 721
462 6800
351 7518
3179 1302
6711 3869
5852 3818
6849 5813
3207 5281
3855 5308
4261 5370
7486 1495
5507 847
3797 3565
1271 6746
4412 1615
4509 6522
7766 1844
2710 2710
2195 5966
5814 6140
4482 1480
3943 3132
7573 4613
6779 5720
8104 2301
6897 5664
5556 6211
4713 5405
7486 7895
6233 4867
5767 5236
4694 2377
5769 8137
3083 5077
7387 2917
5566 6919
5294 5220
7231 5393
2365 6330
6903 2741
6841 2749
730 730
7685 3882
2532 4152
3176 5267
2706 4086
3270 7658
3386 3291
7741 3415
3266 7097
4679 7307
3809 1233
6510 1386
5868 5323
2133 6040
6215 4765
4155 1272
6849 625
5960 5647
433 5696
7244 7984
998 6988
1693 7892
7766 8011
101 7790
4905 2357
7395 7894
2161 251
5636 4087
945 3997
2477 1088
6557 3488
6163 3693
4108 1088
6964 6964
6891 4386
2126 561
5178 2424
1296 6476
6215 5778
3113 6642
4066 88
3262 2927
6812 3572
2688 345
39 1645
1439 6452
4455 1082
4363 42
12 4863
2882 2882
6586 2185
6061 7677
3905 5258
6074 281
5474 461
456 6290
3396 6823
6968 908
2638 6188
6906 6906
4069 6365
5520 1935
3179 6730
6945 1062
3619 1172
4394 2852
2505 4890
4188 542
2818 5614
2127 6163
5336 4193
4538 7016
7131 1416
3877 3012
3613 7334
4254 6519
1963 7422
7320 825
3688 2770
839 2044
1081 1081
3920 4344
4011 5071
3537 5552
5452 1710
5232 1735
4437 4437
5197 5890
5135 661
831 3571
5090 7795
1671 4078
4891 6649
5218 137
6439 5208
2992 7357
1145 4856
2555 2269
2993 648
5589 2411
7932 7180
8186 6199
5731 5027
4723 2353
616 4301
1865 1838
2400 4650
1432 6699
3108 7445
4415 1138
2099 1456
3812 6079
3178 6019
4364 1492
3557 3626
5787 4908
384 3544
5642 7347
5845 5254
3573 2508
7284 791
1817 2497
5246 1353
7942 6262
5048 2119
5821 2022
4700 4898
3379 7732
226 8125
8046 6093
5089 2220
4437 7767
5650 4379
7561 4631
4886 4338
7325 3717
4538 5060
6064 3540
5623 2295
5068 825
2860 1958
3288 6849
6721 3323
4077 6752
3790 5929
2194 2194
341 4412
7021 5746
1777 734
7667 1617
3408 5081
5548 300
2659 2822
7351 7035
5704 7469
3327 4247
6831 165
1894 1007
2047 5418
6002 3227
2323 6977
3336 7784
4177 5416
7992 246
7029 1423
968 1658
816 4888
5106 7562
4556 4556
2557 441
3260 3340
6448 1193
7151 7517
6600 2452
3425 7036
3442 8124
7351 22
7334 7334
6207 6874
4694 6951
375 5771
3211 1566
5888 1629
5039 273
2695 378
1011 3961
5369 2804
62 4424
3109 3714
3032 6663
6252 3234
542 3349
5713 1422
2205 1901
4198 7279
6259 2173
7137 6247
1798 4450
5523 3408
6365 4840
2972 5886
864 4226
4204 776
7934 6626
7500 2251
2391 5580
3950 2343
2827 7369
4385 4809
7117 5763
7306 3888
2485 704
619 3862
4401 1292
3665 3665
5933 6222
7340 8165
7658 4764
519 3900
6515 3144
4373 5282
6394 6394
4599 2506
2916 2916
7388 7881
135 3355
7121 1464
5249 3208
1439 4845
7672 170
5825 4728
3751 8024
621 6473
4717 4717
30 6852
1405 3066
3050 1386
5521 919
2458 1705
1544 4064
70 3033
5139 7279
1425 6633
6787 7402
825 7573
7598 3671
5123 6314
2970 2970
5946 2838
4728 5326
3808 2161
3780 2656
1088 4535
4476 5955
2160 744
4160 2651
3600 7525
4204 6841
5373 1228
5273 4135
1193 6841
89 2114
5284 438
7694 3272
4992 3718
2222 4899
2319 5011
2456 7351
4823 5522
5040 3145
1671 7253
481 5084
7372 5464
7043 3665
1416 5467
4070 2132
3328 6714
6781 2998
5157 1511
4431 1726
7668 6667
1721 3237
1329 3950
5260 2616
804 798
2466 7064
7475 568
1077 3156
5007 5007
3612 5924
5656 2884
1141 2543
2098 7662
7016 33
4398 6811
8126 420
1877 1114
5584 467
6174 5687
1311 6474
6711 1769
7322 5686
4163 1698
129 1900
2918 1399
222 4799
6025 3355
6073 5220
2308 2592
4885 7244
82 82
1112 6543
4467 6130
905 6187
2894 8166
736 558
3187 6685
4373 519
899 5024
5333 2960
5303 5297
636 7092
6181 294
251 1071
2655 7
672 2728
2064 6140
7551 5984
5911 7448
7406 6082
5422 5670
2132 7272
1034 6262
2071 2986
1479 2687
7922 5491
6074 2666
3901 95
1806 2422
2151 1982
2914 2477
3175 2860
6037 6304
4837 5218
5956 5956
663 413
7015 1471
2377 5113
126 746
0 5062
1534 4965
694 1972
4610 4610
2247 3163
2603 6344
7864 3369
2382 2933
7515 6354
1849 6537
3058 863
3002 506
5909 2717
5925 3171
5018 4741
3327 4108
6232 6351
5427 5305
6514 5158
262 6529
7938 6594
564 4168
6140 433
4423 4770
3383 5392
1373 2617
6726 3027
195 195
5614 4765
665 25
3285 3285
4370 6513
1673 828
1803 5614
1298 5418
1419 1419
1176 1176
7731 6432
945 267
4578 4837
1911 6793
5218 5347
1206 287
2235 7059
4133 2423
4280 1879
430 5015
2279 2279
1842 7184
1318 4300
864 3598
3621 7682
2147 3834
996 2136
7025 273
476 273
4640 5442
4281 1787
1307 1313
7142 8041
2367 6662
232 7772
2037 2037
7355 744
3038 3887
3361 5696
7818 3496
2043 7883
7069 5140
7191 5552
2228 2228
6040 7352
4167 3593
7600 4834
7958 3568
3060 2935
5204 1695
3464 4741
326 6640
1597 5464
1373 1444
7892 7057
367 7570
5806 930
7722 875
2835 6530
4558 4774
19 6734
2442 2442
6551 3373
4972 7030
4590 636
1043 5547
7025 5906
5948 2902
2019 1956
5774 6631
1516 5315
5396 6632
6015 195
5225 4263
5814 7053
8074 1357
519 625
5603 1358
2737 983
5260 892
1243 2520
2628 7924
1599 3818
6394 6394
8011 8173
1709 1804
6848 8159
2643 1354
7881 1109
8025 7741
2211 5354
2034 5612
5203 4459
2859 104
6009 7170
6688 5668
4034 6697
3640 135
3391 1252
2790 150
1193 2630
6976 2784
2223 1534
596 6553
6886 8052
3974 5840
8131 1939
5153 1835
1042 6028
7003 4295
281 920
4833 8104
7328 4920
2994 4181
3733 7664
365 7022
4097 7191
4104 7326
6447 3162
551 3208
7208 2096
1654 2548
4476 1826
3371 3371
7473 6798
6477 279
3533 1397
2586 3388
1302 5970
3141 5430
1811 2070
5292 5292
6555 459
3146 3994
7537 2522
7784 5419
3962 3962
1939 7060
910 1949
7089 681
2287 7085
4600 5346
2940 3043
5716 7761
6001 7004
1411 6091
4898 7950
7133 5017
7015 4061
1416 5255
4517 2302
819 819
3316 4720
6450 2106
2110 100
1650 677
4652 5102
5823 2329
2846 4672
294 7445
4389 3424
6846 485
1724 4678
3262 7057
7193 4080
3045 2459
6669 4960
7248 7859
72 7684
8123 1643
7659 4578
6258 6262
5406 2507
2357 4342
662 938
3008 7724
247 1241
1956 1272
4981 2799
6061 6061
1541 7558
5529 6950
8039 88
6874 6874
7492 338
7878 5492
66 3122
843 2918
1347 5669
6663 2986
4428 4663
6229 5798
636 580
1487 4393
5787 7746
5143 5210
5959 7187
3394 3394
1936 3327
2833 3926
3936 6510
597 7438
3839 4600
414 4703
7025 6452
7837 3548
1348 4545
7161 2303
5647 3848
6827 4923
2357 842
1408 3096
2393 5267
79 3188
3286 4908
6489 3958
5716 2279
7133 1802
1133 2876
155 3620
270 270
5934 3386
50 70
162 574
2603 3950
5980 2043
3514 2720
5276 6270
44 6897
7057 7057
2371 7837
3143 5247
5060 4417
6073 921
7794 6207
3514 149
2115 7895
678 5228
1193 1728
5625 5625
4268 4075
78 3999
6682 351
2638 7009
7876 4072
5905 3663
2109 3758
5682 4496
1895 7880
4004 581
1607 2781
3949 3949
1913 3322
1188 1462
8053 2643
7942 7342
5171 5783
5065 2695
7131 7131
5332 5276
7494 1866
5336 2089
2336 3176
1353 7788
4371 5863
6223 1607
1400 5601
8084 6453
5228 7868
6025 3355
5568 6382
7116 6897
3030 5333
2995 7288
6698 92
5867 5439
3234 3379
6403 3383
6549 7038
6552 7892
402 5308
1072 4709
6586 1487
242 628
3338 3811
2157 7766
6022 3320
1831 5434
5175 4395
7618 1860
5281 5922
1730 4042
2454 25
61 61
2861 2862
1492 4251
3198 822
4247 1025
2256 3713
4066 4761
5196 119
6619 5829
4990 1629
5180 1637
2663 7836
555 973
1517 1417
3583 4495
6874 7800
803 4521
3900 3361
4429 1025
7057 2869
1492 2311
2114 7527
1828 5623
1518 1518
4523 5825
8177 5194
3181 4248
5915 6085
3212 6799
7021 1832
2592 4003
4163 4163
357 5836
4739 740
4705 7817
4423 3639
7126 4867
3340 3340
816 1899
3494 539
6133 4458
4755 1552
7007 2096
1655 4362
1557 112
1412 4158
1419 1524
4681 8129
8134 7093
323 6231
4846 6664
4493 4591
2935 736
1969 1305
4979 1003
1686 6070
7878 5496
7500 2099
6074 6046
7947 1319
3323 5753
4878 2583
2916 4158
7125 2440
5960 620
427 4910
5532 4133
1340 5109
4645 7593
5344 6417
6078 3828
855 6743
1306 5491
4160 3302
7751 7084
3861 7411
4914 4323
2940 6853
6599 5673
1805 2720
5197 6440
7745 3325
3791 4644
7790 6716
1053 4325
7926 5060
7627 2269
5208 5208
889 6976
140 1058
6091 1031
4662 7414
1761 2000
928 34
6294 7491
6873 3994
659 1258
2484 2683
7742 7658
2520 7157
2896 1361
4914 461
6237 7992
7208 1060
578 1676
2964 7102
6560 5301
2758 7550
477 7966
6783 1794
5243 5002
3228 1248
1927 6451
3333 2729
6814 267
5710 5586
7383 2792
1156 3788
7658 4398
6195 7679
2682 6305
6977 1895
1213 1832
5918 4667
1438 429
2946 526
6021 4483
4392 262
7169 7169
4986 3008
5905 5523
2874 424
7761 5055
843 1342
3663 7144
4744 3419
7927 4769
5526 6200
1543 2287
1517 2123
4784 441
4798 7582
6811 6330
6053 798
7383 2126
719 3368
4361 3717
1198 6555
3997 3997
2828 2828
461 461
6418 2880
5262 4665
3696 6105
7501 5257
5578 1088
3039 7669
2899 2442
6686 6686
6295 988
4539 5196
3697 4420
2249 3910
1768 145
3887 742
6020 2695
4163 1244
3361 3664
1086 7716
6029 7656
1566 2786
7363 4461
709 5838
1326 5740
15 4179
7673 5193
3832 8017
3287 2380
1217 1200
914 2540
1778 7190
4715 2783
7492 6910
6515 7636
3940 1241
5934 2802
1666 4307
5877 1028
4409 4409
8112 451
6801 950
7663 59
5838 7505
4644 7571
263 7788
3252 1525
5640 6080
2922 3788
1823 1186
3270 3270
3322 2017
5999 2211
3610 3610
7262 6093
8024 7877
913 1999
5316 1879
4312 453
7464 7464
941 1021
6415 5923
4976 7915
7983 643
2293 2425
5465 5843
2227 6853
3397 2456
5702 2790
2714 302
4576 4359
7723 5203
5358 4547
4715 1165
854 7559
3202 2592
2923 4846
1842 1842
6309 2339
5018 5498
6811 1281
1893 3276
4015 2316
7880 3168
4610 1959
7939 3469
5254 5222
2115 6068
5685 5184
7112 3027
698 6792
6619 3186
2591 4095
3104 7850
1527 1055
5868 5868
3773 5108
8123 5657
4229 2305
4398 4479
4473 2357
5567 6954
7120 2133
2331 2274
6405 2680
2932 8114
542 6187
717 887
2006 2717
5396 4045
7545 6698
2248 7992
2407 2808
1102 5582
739 3618
5905 731
618 7465
6399 3938
2902 2902
144 6639
6124 6534
2813 2681
1244 7351
4628 6474
3889 2393
2902 7309
5778 784
6454 3383
5027 7083
1305 737
1895 5481
3984 7073
6227 6227
456 1480
8188 1784
6537 672
4649 2423
6427 2850
5996 5996
5094 6403
4732 3615
1653 1905
3155 6306
6562 5343
741 4019
4705 4705
3063 3969
5041 8130
5887 5477
2162 7454
7193 7679
66 5151
1447 2048
634 3385
542 3635
7099 2064
6051 6441
6443 1503
4905 5002
7381 5192
5145 6933
4593 7486
7484 8129
256 2412
6195 6531
2015 8069
4421 2356
3934 7256
688 1044
3634 6261
1088 6530
3620 5277
7451 771
7836 816
3189 2812
7905 4491
1462 4525
3895 5065
6264 7279
5839 3451
2238 5026
7023 1119
3972 4855
7578 5011
3799 7184
3365 7356
4757 4803
771 7011
3046 3178
2769 8146
897 4110
174 7809
8061 6622
1942 2722
4660 7271
2507 6639
1015 5024
288 2658
6230 2523
975 3880
6182 3769
3453 7263
256 2487
3637 6611
4978 7630
2438 3798
5092 2200
2415 7833
7455 7594
5444 5477
5396 4700
7026 7850
2405 2614
6771 119
1795 4624
4 7958
5914 1619
7915 7429
1832 6214
2693 732
5797 935
1226 6226
6859 4569
231 389
877 1874
2080 1439
1565 1057
4879 2784
3544 3544
3584 1317
5841 6000
4815 1254
3642 1176
858 8080
1785 993
5771 1740
3645 3812
5515 7616
1179 150
5936 2879
3390 5232
4021 8049
7550 7288
574 5625
2839 2198
6440 2382
5885 7300
3450 3929
1136 70
7025 7563
2068 2933
2466 4276
2412 4919
3645 1037
44 7920
2465 1641
3053 3053
440 326
7827 8121
2682 7306
7007 8016
7687 25
4287 2573
3207 226
7673 5082
1236 5541
3412 5442
468 6140
2917 1131
5467 103
2247 612
3627 4
3825 47
5681 370
8140 456
4139 4272
7164 1031
4398 3270
4335 4335
1347 4329
4743 5386
4938 2122
4296 564
2695 6636
1551 4742
1709 1848
1961 4272
6692 4863
5991 5661
3044 5477
7815 166
5925 4238
712 5030
328 6937
7627 182
6716 7790
7120 6763
2382 1099
6333 6333
3986 5463
110 5645
3776 3776
3600 2124
506 480
1880 4048
6165 7827
7490 1926
5049 1653
1472 4309
7276 101
3038 2787
5023 4587
2728 6057
6866 7491
5934 2102
1070 5083
5359 15
6640 5021
4901 7395
3017 3017
1648 1648
1492 4952
4065 6961
6749 1687
1056 6984
991 556
3211 992
1745 964
164 164
4172 4473
8126 2051
787 6884
7258 4952
610 4159
2697 3339
1835 4326
3793 4899
1866 7926
5122 4990
1848 3155
5051 8131
5955 4587
4437 1507
4815 2659
5468 2997
1020 5100
5014 7039
2936 3863
5326 2824
3850 301
595 5778
3337 1615
2571 3528
6497 273
3798 7489
150 1935
7976 5937
4412 5868
2763 4057
7447 4034
7958 6721
1250 7919
3437 1857
8047 6329
1850 6487
6329 7818
2638 1507
1124 8186
990 6311
4415 7153
4393 6468
3289 3542
1251 1543
1251 3379
2991 832
4248 6042
3962 1240
8025 3640
6450 6451
3426 4700
1293 2281
2653 7307
3788 2902
1831 8116
881 1917
7505 1353
6716 5315
5257 6863
4687 4987
7727 4264
5603 5467
8149 2660
1917 6061
4107 4265
4548 1470
749 4342
185 6507
5178 3285
4152 4302
7359 4683
5868 6929
445 7431
4795 4803
1579 3825
2737 5619
1861 363
7246 34
3180 3047
460 812
2099 1094
7779 1848
3145 3038
270 2545
2019 4560
4361 6960
4109 5922
4691 934
1078 5353
4707 2161
7537 7537
4973 1769
2864 7688
3234 112
6596 2999
1742 251
2746 1641
1775 6181
3186 3663
7025 686
5155 2864
2986 5124
4101 3998
7820 3576
7905 5484
3563 7937
3580 1968
33 5134
2545 794
5948 3671
1268 4258
8122 889
7051 5401
5747 6995
6626 73
1200 1124
4505 602
5026 249
1637 3895
1637 156
86 4951
4389 1003
2167 5534
6186 447
4925 4925
6005 6005
4509 1597
2694 5763
6882 1430
8025 3627
5106 1614
5074 551
4255 5707
5489 6748
6405 1134
7928 7928
4879 3804
5114 5112
7312 8188
5076 5005
426 6224
826 7368
1885 696
5295 7898
8166 1311
6367 6367
8031 5505
7279 6969
7603 2816
573 3233
862 7283
5106 5873
1984 1984
8118 2926
4118 3246
4367 5775
2355 7069
367 1050
3337 7711
6989 2555
8048 3933
5930 2622
1166 1250
8183 8182
1744 2687
6651 5930
7774 1587
970 2920
5686 7767
6243 3971
7895 7817
2216 8137
4264 7761
75 5905
6245 3145
2891 7846
6261 351
6417 6417
6058 5716
3617 4264
7485 7706
2979 4029
1942 4373
5925 7895
5218 4592
2539 6897
3342 4837
6636 2833
3493 3702
2070 1711
5792 4167
5907 3112
6519 1204
7713 7484
352 7881
7637 1559
3252 1828
5108 2331
928 8174
4444 5337
943 264
8016 5428
6544 6544
3979 7919
2763 2970
1500 4054
4755 7253
6781 3334
1179 4437
4045 5934
4732 3531
6440 6182
7203 8050
4971 6711
2457 1520
4859 8006
6038 951
2540 7697
6687 2064
7746 1972
3581 357
7236 6227
6157 6967
1429 3789
1827 69
3098 68
928 4808
352 3025
5417 2311
5808 4061
6160 810
870 1516
1259 5142
6456 5640
5837 928
4960 2221
496 1927
4980 2005
450 1011
3099 785
7183 7374
5558 3365
5863 341
2935 2424
523 5509
582 2491
7304 4155
3747 3702
6186 2114
5104 3463
5614 6468
3343 5205
370 1057
8041 7401
6965 1619
7376 5862
1985 2756
3788 7565
4942 54
1466 6565
1955 1235
7915 434
229 6488
3542 2927
2548 7634
7573 1667
7959 1036
235 6432
830 3081
7803 4049
6714 3879
1699 6539
1161 6144
260 8162
2944 535
6592 7961
294 6543
6693 6693
3101 5696
2880 4211
5669 3158
6692 4343
805 5918
1541 178
6637 680
4447 6521
524 1669
3804 7182
2393 6409
2966 150
6818 2563
6814 66
7552 2173
1264 7754
4847 560
2532 7390
3552 4389
2687 7539
5419 7495
749 2776
6160 5203
4448 6245
6200 4536
4976 4092
2460 6360
4552 6906
615 2763
2385 4623
616 2951
7122 7661
2962 1842
3662 6408
3336 2881
378 2374
4850 6883
6809 2722
7790 1154
7916 164
4398 8068
4335 3945
1901 5501
4681 8104
2451 7147
3181 3859
1286 5534
2331 5108
108 3225
6335 2466
5592 7443
867 2917
6187 5255
7488 263
3167 4301
2941 7895
906 8072
3769 2573
4642 466
4241 2159
4313 3760
4758 4752
7565 1597
7354 3450
2058 1567
6491 6491
8155 1142
7630 5560
5251 4144
7959 7216
4407 3727
2039 4906
5757 3577
4608 546
2785 4976
5649 889
7345 871
3437 4709
6939 2301
3837 6581
3940 451
4499 5977
6645 1925
7988 3719
375 7424
5108 7895
3602 5664
7692 3473
5399 6003
2956 6908
1229 7680
7053 4591
3588 3668
1284 367
66 95
2894 7598
8027 5983
2303 1342
446 1679
3236 530
6408 2110
6051 6734
3505 7007
4823 770
2802 1251
1999 3295
3888 4040
7509 2705
1775 5701
5786 4757
165 5410
7995 2518
3237 4065
5582 6030
8022 7127
1385 4346
4493 3238
5558 672
3903 5743
4185 4896
8045 1011
7194 122
1629 6100
1942 5630
3967 3907
7304 3356
399 1627
4978 3615
5907 1286
335 5386
1047 4650
3208 441
6225 5325
302 4667
4609 6724
5934 7300
1699 5887
736 1935
8148 2361
2567 4241
545 523
4092 4092
679 2202
6080 6080
629 7779
1443 3082
4702 4780
4667 4808
4970 6289
2826 1652
4249 7512
6787 6763
6167 496
1807 1805
5640 5640
6905 5165
1453 5539
4905 6278
3608 5250
4554 4309
6693 4438
5708 5708
5983 3879
234 7617
2603 3167
3757 3757
6421 4689
7994 1932
1003 5797
2403 8126
1509 5001
1708 1708
7213 3773
5990 3064
7034 7034
5876 5876
468 6224
6537 672
7841 6221
5945 1808
4478 4478
4666 2221
7522 5154
799 4169
5625 5065
5558 7690
199 7574
419 2081
7280 2917
3600 4427
5740 1825
2588 6617
3157 1509
3588 4401
3171 2429
4705 7712
2944 2497
4386 5948
1281 6330
1176 4312
3274 3274
5925 4859
5695 4469
5640 5649
6028 5496
483 6723
3171 7827
638 710
6155 3063
1286 5868
7876 3997
4700 7296
3384 5307
6999 4922
2205 7472
5855 6653
4077 1190
7279 908
7076 7902
3095 542
660 550
5736 818
5467 1059
6814 135
6868 8134
1637 44
3709 6777
5640 126
2073 1334
4806 189
1645 1496
3727 2423
4044 2047
5982 7679
6730 7827
908 6667
3608 6365
7685 3683
4755 4755
5569 6403
5905 7253
278 6548
5256 5479
1204 5552
3891 2486
4837 2020
5581 1445
5936 1662
3385 136
136 2200
4113 405
5447 2237
1772 3506
7696 6759
4666 6165
476 7878
6165 7381
5687 7796
1607 6688
2194 5476
2248 1834
3257 3281
636 2286
2802 3637
1660 3106
6335 6967
3104 664
7291 8163
6896 5231
1926 2481
5326 877
4021 5638
1454 1454
1640 767
1764 5137
537 61
1332 3774
5837 6649
7455 7515
2997 3567
5862 4433
5947 3844
346 5308
2007 1298
3339 5214
3611 495
852 4214
1430 2211
5823 5905
230 1873
2468 3352
6535 4087
889 4065
6779 6779
2392 2392
16 4699
4945 3704
3528 2367
5861 3234
6064 6064
3204 2012
4485 4629
6956 555
3155 3038
5239 7472
4496 1503
4513 5518
3909 3810
4586 886
3717 3322
65 3799
7618 3732
3695 7304
2630 3006
2855 4971
3425 3581
5121 5121
1077 384
5418 1234
7916 376
6118 6064
419 1298
1067 7774
1755 6845
8074 2774
2318 7912
6911 7159
1499 1499
3961 50
4581 146
2227 5278
1915 4319
6726 1282
4948 5142
6131 4232
6480 5547
5756 5830
5856 5068
5022 5022
4341 5345
6040 4128
5281 3400
4172 4973
1849 1849
4323 6042
2910 5953
6843 3610
142 3397
3341 316
2094 1769
6336 5883
4416 3583
7569 4452
7866 5391
3648 3675
5127 425
6340 1976
6788 3991
2750 5779
7352 7352
3972 2020
2343 3580
2413 7573
6456 812
4591 2813
2926 5267
6530 1600
1003 3508
846 3030
6929 6181
5983 3650
2283 2713
1391 3452
5734 5172
706 2318
7040 2226
5849 7242
7338 1927
4608 3440
7934 1058
4091 6555
1462 5266
6228 4025
3977 1932
1687 141
6649 5901
3 1298
7963 6632
1984 1384
1503 3017
5521 3941
7855 4705
3268 7658
4304 3900
7811 6042
1838 3368
6533 6196
7162 7162
2404 93
4416 1437
7360 7360
4588 4301
1914 6954
7111 7736
3586 3622
6876 6876
7882 5166
4438 5479
7488 7242
7344 3516
8126 5751
2080 2538
467 1298
1890 5298
4899 6695
5499 7791
7379 7475
2613 3171
4054 7753
3593 625
4591 468
3214 3214
2310 3152
6330 4
3464 189
7687 7687
857 857
5640 3663
3855 7288
6207 2386
4885 2563
968 968
4376 3072
4232 2219
5403 3731
2654 2402
5755 2016
1386 4400
5150 5150
4872 7826
7476 4318
534 1444
4973 769
3662 3662
887 2372
1240 5185
7841 2127
3969 4168
1495 5612
6929 6519
2832 2291
6497 7691
6367 4410
863 5268
5411 935
3380 7292
7184 1744
5 8102
1077 897
4014 176
2902 4179
4650 6555
3663 4335
4407 7135
3882 5585
978 6492
5294 4491
3751 661
2498 6309
4996 2939
5603 7826
8182 6806
277 6190
1688 6087
2820 1635
3255 825
6979 1338
6159 3481
2913 5199
2932 1762
1907 824
1512 4513
6516 3664
4650 3812
6834 2053
636 7658
3549 452
3085 1328
5970 2932
1544 1544
4578 2966
4805 5314
3561 5468
7424 2456
8006 5931
6186 7877
7898 497
6264 8180
2019 2019
4890 4661
2303 2303
3192 3280
223 5261
2902 5085
5108 2102
7960 6224
2400 2063
2131 326
4606 120
2454 3065
5515 840
2724 1927
7573 3804
3812 3610
4185 8112
637 3832
6167 3712
4077 6734
7815 1447
6530 3308
7876 3296
2386 2127
4767 7081
1101 1101
7172 6365
2876 6942
6473 1523
6330 2235
4904 3333
3531 717
3038 3389
3361 7895
3038 8035
7679 7193
1281 4398
6502 8032
4805 812
2864 2159
2728 2080
31 3935
3155 2498
3249 2474
3114 2121
1430 3438
5277 1902
7479 534
2558 2228
7550 1302
2142 6759
5056 6929
451 468
1331 6404
6654 5039
2992 7813
3405 7488
2319 2319
4232 2189
6814 2248
932 87
2176 4597
7895 302
3751 5219
4320 2554
6402 6404
7015 6058
2459 3258
6163 5572
7763 5247
1404 607
6754 6754
2150 3889
4837 1346
375 707
8126 5568
2850 6821
2493 1888
2375 6686
1984 1984
1952 1695
5885 7985
6953 6953
7652 4506
3680 1136
7528 7869
1021 7170
2117 5430
3832 6723
1380 7745
2704 450
9 3732
1893 7489
6859 2553
55 55
6567 1187
1203 8190
821 441
2433 7614
2942 6535
260 3243
6548 8123
5359 637
15 5592
6325 736
414 6474
7159 4232
7938 243
5875 4114
3630 131
5508 6278
5380 4649
3347 3431
4398 103
7463 3353
4877 2638
7300 5065
1268 3656
317 5319
5582 3768
3372 8010
7761 5051
6969 8045
3352 978
2746 1222
5431 3082
619 4066
5731 5102
1097 5803
7286 2080
440 365
5638 5722
2680 896
4401 2961
2200 5346
3925 4150
364 4321
214 7237
4058 7262
1792 6359
1037 4156
1966 5154
7746 644
7800 5823
2114 8068
7588 119
5636 1728
2389 6746
4914 6765
5525 5370
7488 5592
6733 6985
3642 3642
8050 7969
6430 7015
5619 1389
5466 6883
2851 560
1747 6129
564 767
4649 5760
5138 3361
1037 1190
406 2254
743 6783
2787 523
3344 2972
2638 5823
7338 4764
175 175
6601 484
6352 999
5668 1758
6082 3685
2092 2496
2436 4977
6884 6823
2789 8087
7116 7057
82 1544
4590 6003
6885 2404
3460 785
7785 6567
6817 1348
6566 2090
4756 5437
1668 1711
6632 2343
3201 1656
7639 2429
1331 6581
4311 2651
5090 8001
2279 8025
2910 1891
6557 1956
6551 2927
420 346
5411 6909
1078 3921
2113 6144
2382 7916
6750 1493
4509 5848
6273 7658
5945 4386
4495 4432
5146 4592
2001 1929
4764 270
3815 1485
1275 5750
2745 5996
3397 4536
5520 897
6473 1728
2311 2311
6392 3008
7204 6466
3594 300
4994 4994
4798 5185
1458 7631
4025 207
5852 4703
5107 291
5975 3642
4437 4437
6208 2658
5416 5416
2976 7816
3478 3418
1826 3017
383 7073
4656 6572
5708 211
3647 7439
7137 3520
2402 3586
2080 2080
6554 1372
7102 6771
7044 2394
6780 3442
6977 1108
2177 2067
3034 7460
4670 4670
5429 7049
4751 6096
6922 7049
2938 3178
5240 485
542 3662
5662 3779
6186 3183
1036 6081
3049 7480
6921 6207
2874 1762
988 2002
304 1556
6006 1462
1798 5216
1811 1811
4054 3047
4776 7889
4964 6897
4707 1592
253 3580
2638 3029
2063 2532
7416 2767
3992 5872
2845 788
732 6480
4069 3955
3975 3950
2906 2906
420 2687
2653 5031
4735 4735
2769 4251
4592 152
4885 6579
440 1332
38 3826
2772 338
5735 4423
3528 5496
1050 1050
4363 777
2957 7080
178 4154
6118 6118
1817 5599
5068 1047
6245 1159
3122 4412
587 320
1076 1076
7333 1040
8172 7502
70 2070
2813 1006
824 6861
4164 5614
5614 8157
6953 3998
2767 6327
429 7767
2173 1463
7004 1777
6212 2781
1197 6681
7890 1425
6989 5399
3122 7633
6442 4860
5148 3377
7996 1415
5100 789
1786 2206
7477 2123
4822 7859
2927 5558
5425 1886
3754 3337
1159 4594
7749 1201
5039 6006
4963 7274
371 7186
2371 6536
3485 7916
4677 4952
8065 5799
2682 7089
4752 7431
428 6775
4631 4859
2304 2641
560 225
4513 3118
4745 3846
3904 3818
1077 2743
8039 5113
1607 6724
3195 1517
101 608
3328 6216
627 6652
6353 6353
454 4926
8005 5714
746 1921
3664 5467
4077 2228
6811 2823
7795 5055
4052 4052
1439 4681
8137 3096
4775 5002
1799 6837
4163 6745
2357 6816
7742 450
1754 3408
1493 6963
6351 1895
976 441
816 7741
2561 3707
7067 2656
2566 4549
580 4186
7327 6997
7797 4171
3437 5521
825 825
5968 2717
651 7311
5757 3531
7322 7767
3118 7267
2881 182
5116 2318
7836 6799
5102 6721
6721 1853
2329 7658
3052 7256
2695 4886
2308 3629
5879 7536
3508 6942
7156 5870
6920 5778
9 4127
4796 3159
4174 376
5982 5146
5108 731
4107 7063
6432 2558
4177 6734
1037 2375
5468 4633
5003 2718
6548 3500
2005 3771
7706 6682
759 4518
1286 1959
3029 7392
624 4308
300 15
704 3165
5961 6953
636 4437
2147 1372
890 3759
3668 6429
7918 4980
1637 5128
7574 6942
551 6717
4460 777
4122 3609
5737 6984
8039 7494
3744 3744
7729 4322
5030 1293
6859 6243
3110 5018
626 3791
6091 2006
6583 2583
1928 7289
6091 6693
6809 6809
95 2618
2179 2309
7469 677
1838 8134
5116 4586
1565 529
6497 4728
4031 2119
4501 6717
2508 4823
341 7758
2269 545
5267 3122
5927 6206
4444 7470
3483 5058
5462 7390
4415 4232
3162 5322
2856 3075
7192 1110
3743 6955
1071 2862
6549 1707
2377 6951
5303 4491
2327 7136
1653 5117
7503 1347
4254 1350
6908 748
5707 2613
8016 7746
5442 5442
6113 3744
6847 1560
6416 6050
3879 6667
364 4547
7677 4291
7247 2692
3383 5663
4683 2470
3099 3809
7300 3717
866 3359
2326 7509
1797 2922
6861 5455
5691 3628
4637 7323
3573 2374
3263 1470
498 2035
8108 5142
747 7046
978 2667
4373 554
747 8067
1414 1414
492 7275
7595 533
1491 4377
6473 6557
2194 4398
1472 4731
3832 4764
973 2373
7021 6814
7568 4923
3583 165
588 4323
3286 2279
6915 7397
4198 2383
4216 3207
3129 2554
7542 1979
4992 5794
2843 6555
3749 2329
1486 5156
5834 3029
2906 6263
66 1555
3664 3664
630 3569
4463 3061
4214 3252
1410 4463
5361 2465
4128 7811
1124 8176
4859 3677
2328 7120
7364 7238
3067 48
7060 1556
4091 8153
1899 6966
1050 6252
7480 300
7481 2558
4593 6311
1901 7697
70 70
5499 8189
3610 5769
2160 4916
5241 4493
1448 3340
6537 1552
5444 1908
3940 5963
4363 4363
6510 7124
3335 8168
1867 5565
7442 6537
6636 4755
6375 4166
7550 2228
5128 5608
7328 2835
2247 7625
2440 2440
4248 2042
540 3962
5444 1272
5773 4721
3203 3203
4376 736
6690 5506
5625 5671
3722 2228
3759 6269
3905 341
7634 821
1028 8142
7573 2861
1281 7471
2122 3593
5071 5998
1384 6191
3254 5513
813 4456
2235 4417
902 1832
1272 5176
7925 7016
3627 5108
7934 7821
6576 316
7467 8155
7545 7934
4250 14
1383 354
5128 5188
3746 5634
761 3623
3323 7815
3754 2400
1273 4775
7941 6041
3573 5578
5292 3619
6038 2329
2115 6800
256 1724
7182 7182
2900 8057
1061 1523
8105 6386
6012 3025
7728 3607
3548 8070
5696 4303
261 3773
263 6566
7790 7550
6285 5363
7172 7962
3798 5612
2944 672
270 4896
5209 799
2784 1169
574 5092
7916 4363
4816 4907
2982 6473
2548 3049
2329 4410
3754 2170
7468 4084
4400 7156
2882 6333
5148 3638
5002 3065
363 7215
110 930
6219 5898
4627 3378
5085 5868
6335 2694
997 7887
5394 5394
5045 1486
386 2672
2626 5469
3551 6387
7743 2806
564 3846
1007 2836
6133 1935
2215 3794
6759 7887
3812 8014
2484 370
997 4495
3642 5219
1708 5628
7247 1439
7705 3297
7633 3096
3035 6200
1170 317
7432 3741
1616 5779
6609 5625
6576 453
2737 731
1511 4938
423 8011
984 6475
3708 2063
2311 4420
5525 5584
3751 4634
3734 3780
2275 6831
2798 6633
1215 5970
5266 2075
3922 4735
7076 5219
4072 5585
5316 4253
4859 2329
2802 196
6299 2301
4706 7518
4503 4503
4302 6822
3986 836
7043 2697
4479 6555
3388 3388
6609 6330
5117 7192
3251 6698
1535 6696
2929 1745
577 1349
7802 3434
485 4281
2697 3169
954 7440
2800 2519
2586 4233
5848 7938
6370 723
5315 5722
6915 5386
3754 7711
1402 6976
6883 3941
5261 742
3649 2260
2367 6061
7009 4730
3267 8119
1166 1352
3156 569
6019 5887
436 4395
5436 3157
8189 3069
724 6931
1453 1250
2894 1311
812 5640
425 2356
7688 5404
2279 6697
7007 7007
3066 3587
2993 669
185 3128
7188 7503
427 2211
7627 6220
1189 1782
3556 6537
3941 669
6511 5712
121 1130
1580 1601
2680 5114
5707 367
3440 1135
839 1891
1250 6413
706 2651
4726 422
3311 6688
4728 3645
5015 3893
164 3593
4593 3941
7221 980
6299 7286
4579 4999
4581 4581
1380 6133
4678 1724
5780 6406
6441 6051
1171 4374
7356 5558
1252 7040
7843 6818
3619 6918
5188 7574
1365 7916
1832 447
8025 8104
8163 1390
3009 401
1136 6509
7896 586
8064 1599
1907 5914
1159 330
333 1632
7290 701
2036 4878
2157 2346
3638 3469
678 3368
614 3406
5630 7311
2793 7992
6300 3372
2115 4610
2845 5757
7930 5639
6015 6134
7213 4380
3218 4259
7848 1048
6103 7817
672 344
1222 1193
3008 5869
6328 4465
1285 2797
3234 3485
1404 5170
1023 3840
3492 3671
4947 7015
902 3212
5859 7511
4054 4054
3277 6296
4491 6995
4139 4041
2380 2061
6667 710
6212 3902
1445 5140
427 824
5169 4171
7197 7298
5426 3606
7790 4110
7352 2874
1302 7393
5992 5505
7131 4536
617 1083
6954 7042
8051 6330
70 6828
1384 5416
5466 3725
3444 2895
1707 2682
7732 5231
3703 7680
2894 367
8183 353
5860 5740
3110 2197
2902 7755
4513 3885
1668 1668
6655 6655
1112 3252
674 7012
530 530
1917 4188
4688 2816
7038 7038
3371 6845
2625 6051
384 6181
1008 2167
4288 7366
4858 3726
702 4843
1640 7905
542 7885
666 6263
1993 3807
5407 1024
6981 7244
2187 2091
3695 4898
5219 6685
279 4680
5628 5628
7511 7981
4513 4053
5074 7600
3532 3291
6486 6402
1229 4638
2330 3996
4901 2553
3520 1132
2841 664
1863 3382
5580 5443
3663 3663
8034 4156
3076 4363
7907 3640
3880 5057
2704 1305
1831 61
2445 1278
3545 6724
3946 2191
1320 1320
3033 2565
4259 712
3744 7762
2122 3879
5354 1154
6342 3200
843 1190
1586 687
1450 7691
6725 543
608 5662
901 7104
1306 5385
2786 737
7247 1728
2682 4452
1873 1873
8151 3641
5474 542
7303 7008
6685 161
2382 6586
8170 206
4859 4001
529 2543
473 4232
6765 5761
4224 845
6297 6297
5072 3789
1917 4484
1431 6743
3697 1634
1958 6182
4816 4816
4142 7668
6864 5288
6561 4013
5411 4538
2881 1894
5352 6667
3234 1193
898 2751
4016 6678
1040 5416
2146 6493
4058 4322
5567 5730
3979 3047
2493 4363
4571 4861
7349 7887
6673 4590
4155 7304
3089 5886
6967 5028
5354 7367
3372 5039
2541 6964
7800 2367
3086 8124
8094 298
6918 1635
4144 2005
2960 1890
2041 192
1692 7636
4046 5052
487 5449
3994 6027
2419 7146
1251 6612
7692 4181
1438 1438
35 3409
636 6491
7241 3821
2843 6319
6811 862
7991 7616
2603 7840
6340 5217
2114 5913
6664 1171
7137 2172
7390 1494
7152 5380
8026 8026
7311 4877
3382 17
4375 2912
7811 1607
5268 3151
1078 393
5505 1240
6161 6474
5267 4578
919 3198
5036 4687
6706 2324
3476 3697
7526 5640
3285 3754
8153 1993
6948 4508
6781 5762
4701 4389
3647 3844
5696 3708
6418 3944
1957 3801
6917 7582
3987 2674
1072 1867
6759 2228
6054 5512
2003 3449
2739 1845
924 924
4083 3812
3276 7800
660 6018
3251 4590
1615 176
6472 3071
2599 6269
6452 6856
3302 5133
5192 5192
6573 6201
7672 1096
3640 3640
1311 1268
5350 3941
2068 2068
699 37
7159 7128
6079 1986
6891 631
5138 1536
1106 2192
4361 5346
7114 5031
4217 2280
5468 3946
587 1339
6823 7561
6288 5254
8093 4714
6288 2763
5334 3953
4859 4820
5521 2918
6918 4919
2986 147
3323 1798
6757 4457
6338 6338
1984 7848
7921 6533
1517 2148
564 7390
5934 5296
6388 4916
2159 1918
6058 367
4069 5203
2411 4557
4650 2110
2707 473
7827 2507
1742 1020
2981 3061
3662 5106
4701 5065
1426 7618
5323 5323
363 6151
5149 2233
2449 4501
218 2900
1703 4479
